   469     500  4.917
   903    1000  4.833
    83     100  5.733
  1111    1400  5.317
    58     100  5.433
   643     700  5.400
  2841    3300  4.883
   222     200  5.583
  1578    1900  5.933
   367     400  4.950
   810     900  5.067
  1003    1100  5.350
   664     700  5.550
   591     600  5.117
   364     400  5.750
  1281    1400  4.737
   147     100  5.600
  2309    2500  5.333
  3922    3600  5.617
   580     700  5.000
  1232    1500  5.000
    50     100  5.733
   295     300  5.683
   938    1100  5.367
   123     100  5.700
   281     300  5.717
  1939    2100  5.333
   808     900  5.217
  1200    1400  5.250
   108     100  5.550
  2620    2900  5.783
   247     300  5.083
  2164    2200  5.250
  1562    1900  5.183
  1908    2100  5.368
   178     200  5.633
  2045    2400  5.283
  3653    4200  5.600
  1537    1900  4.900
   157     200  5.517
   109     100  5.500
  1371    1600  5.400
   258     300  5.217
  3699    3500  5.571
   116     100  5.433
   103     100  5.650
  1102    1200  5.383
  1304    1600  5.333
  6382    8400  6.017
    94     100  5.483
   862    1100  5.067
    73     100  5.717
   492     700  5.033
   953    1100  5.433
   229     300  5.500
  2263    2700  4.817
   493     700  5.333
   824    1100  5.167
   649     700  5.083
   299     300  5.300
  1656    2200  5.167
   416     500  5.083
   254     300  5.100
  1421    1600  5.283
   311     400  5.683
  3098    3000  4.950
   587     700  5.100
  5530    6100  5.200
   128     100  5.617
   579     600  4.933
   582     700  5.067
   565     600  4.833
  1995    2400  5.133
    69     100  5.467
   203     200  5.467
   572     700  4.817
  1355    1500  4.800
  1025    1200  4.800
  1237    1500  5.367
   946    1100  5.017
  1696    2000  5.417
    78     100  5.467
   256     400  4.767
  1534    2400  5.100
   586     700  5.333
   468     500  5.052
   691     900  5.250
    99     100  5.600
  1359    1500  5.067
   952    1100  5.527
    86     100  5.600
  1949    2400  5.200
   367     400  5.883
   974    1100  5.417
   204     200  5.667
   142     100  5.650
   512     500  5.233
   333     500  5.683
   963    1000  5.083
   277     300  5.467
  1370    1700  5.300
   242     300  5.650
   135     200  5.483
   308     300  5.200
    95     100  5.567
   360     500  4.900
   674     900  5.467
  3690    4000  4.817
   484     700  5.567
   160     200  5.367
  2657    3100  5.783
  2019    2400  5.133
   449     500  6.083
  2119    2400  4.833
  1313    1600  4.983
    79     100  5.450
    91     100  5.433
  1652    2200  5.550
   489     900  5.150
  1065    1200  4.783
   464     500  4.883
   300     300  5.267
  1545    1800  4.783
   114     100  5.433
   403     400  5.150
   263     300  5.033
  1082    1400  5.217
   876    1200  4.850
   393     500  5.767
   582     700  5.583
   646     900  5.367
   994    1200  4.800
  2188    2100  5.667
   307     400  5.617
  8545    9000  4.953
   934    1000  5.833
  1203    1500  6.033
   958    1100  4.917
   411     400  5.783
   167     200  5.417
   939    1400  4.837
  4197    4300  5.017
   300     300  5.600
   387     500  5.000
   221     300  5.417
   788     900  5.280
  1079    1300  4.883
   389     400  5.483
   405     500  5.717
   145     200  5.033
   523     700  4.950
  4068    4900  5.980
   990    1100  4.883
   308     400  5.767
   132     100  5.733
   162     200  5.033
   257     300  5.533
   127     200  5.117
   726     900  5.600
  1133    1400  4.783
   492     600  5.267
   732    1000  5.695
   218     300  5.350
  6158    7800  6.133
   482     500  5.883
   269     400  5.783
   509     600  5.117
   333     400  5.567
   510     600  5.083
   192     300  5.350
   965    1000  5.067
   403     500  4.917
   615     700  6.117
  2287    3700  6.067
   117     100  5.533
   192     200  5.033
  1205    1300  5.350
   763     900  5.600
   816     900  5.733
   712     900  5.567
    56     100  5.567
   721     800  4.983
   455     600  5.317
  1257    1400  5.333
   473     600  5.483
   330     300  5.333
   543     700  4.983
   265     300  5.683
   431     500  5.650
   143     200  5.467
   554     600  4.883
  1849    2000  4.783
  1083    1100  5.500
  2318    2900  4.950
  2827    3800  4.767
   360     500  5.367
   528     600  4.900
  5882    6700  5.350
  1923    2700  5.167
   507     600  4.917
  2013    2200  4.933
 11432   12800  5.350
   337     400  4.817
  1344    1800  6.013
   803     900  5.832
  3528    4300  5.000
  1713    2100  6.097
  1657    1700  4.833
   970    1100  5.700
   619     900  5.117
   320     300  5.750
   125     100  5.650
   949    1100  5.650
   812     800  5.167
   498     600  4.867
  1599    1800  4.850
   111     100  5.433
   267     300  5.550
   387     500  5.467
   674     700  5.683
  1407    1600  4.900
  2704    2900  5.033
   914    1100  4.817
   667     800  5.067
   546     700  5.150
  1100    1300  4.817
   772     900  5.808
    73     100  5.500
  7071    7800  6.117
   605     700  5.283
  1075    1500  5.250
   103     100  5.042
   102     100  5.633
   642     800  5.717
    33       0  5.567
   400     600  4.783
   714     900  4.917
  1105    1600  5.900
   476     500  5.733
   566     700  5.617
   652     800  5.117
   156     200  5.717
   617     700  5.633
   485     600  4.967
   613     700  5.283
   966    1000  5.783
   573     600  5.783
  4130    4900  4.967
   589     800  5.917
   133     200  5.450
   589     700  5.083
  5287    5700  5.217
   277     300  5.767
   759     800  4.933
   254     300  4.933
   363     400  5.017
   403     500  5.300
   485     700  5.417
  1152    1400  5.283
   649     800  5.678
   195     200  5.717
  1247    1700  6.000
  1050    1100  5.550
  4017    3900  4.967
   915    1200  5.167
   304     400  5.674
   774    1000  5.117
   117     100  5.767
   657     900  4.950
   122     200  5.750
  2595    2900  5.117
   105     100  5.717
   241     300  5.483
  1449    1600  5.389
   816     900  4.751
 24188   23100  5.667
  2111    2100  4.933
    92     100  5.450
  1091    1200  5.350
   638     700  5.417
   725     800  4.917
   596     700  5.150
  2666    3200  6.100
   597     800  4.992
   147     200  5.517
   685     700  5.367
    15       0  5.583
  2935    3100  4.883
   176     200  5.700
  1060    1100  5.967
    89     100  5.717
   292     400  5.717
   749    1100  5.600
   280     400  4.900
  6456    6800  5.050
   321     400  5.700
    62     100  5.533
   282     300  5.800
   534     800  5.283
   221     200  4.850
   303     300  5.533
  1912    2000  5.033
  3505    3500  5.617
  1058    1200  4.987
  8002    8800  5.683
   898    1200  5.817
  2155    2300  4.932
  1190    1500  5.133
   191     200  5.383
   665     700  5.683
   135     200  5.067
   676     800  5.067
   275     300  5.650
   678     700  5.417
  1479    1700  4.900
   879    1100  5.317
   968    1200  5.200
  1102    1200  5.183
   839     900  5.183
   100     100  5.767
   672     800  5.467
   651     800  4.883
   220     200  5.950
    49     100  5.778
  1350    1600  6.083
   112     200  5.617
   803     900  5.283
   665     800  5.741
   218     200  5.067
  1265    1600  5.600
  2388    2600  5.317
   489     700  5.117
  2419    2700  5.000
  1288    1600  5.133
   817    1100  4.967
   132     200  5.583
   290     300  5.000
   430     500  5.633
   426     500  5.600
   913     900  5.567
    69     100  5.800
   591     700  5.817
   113     100  4.867
   123     100  5.483
   386     500  5.317
   108     100  5.667
  5333    5900  4.750
    69     100  4.883
   285     400  5.567
   721     800  5.533
   522     600  5.033
   638     800  5.083
  1287    1500  5.267
   188     200  5.667
  6835    7300  5.200
  2067    2200  5.433
  2144    2300  5.350
   128     200  5.433
   217     200  5.050
   472     700  5.269
  3760    3900  5.067
   202     200  5.000
   285     300  5.350
   559     500  5.553
   135     200  5.483
  1017    1100  6.117
   908    1100  4.800
   427     500  5.600
  1432    1700  4.817
  4263    5300  6.083
  1148    1300  5.200
   728     900  5.067
  1596    1900  4.900
  6392    6800  4.767
 10878   11400  5.817
 40628   40200  5.217
   499     500  5.817
  4920    5200  5.200
   498     600  5.767
  1178    1400  4.867
   724     800  5.400
   808    1200  6.033
  1668    2000  4.767
   561     700  4.950
    67     100  4.867
   536     700  5.533
   732     700  4.833
   330     400  4.967
   674     900  5.150
   421     700  5.583
   905    1200  5.167
   932    1200  4.765
   628     800  5.950
   416     500  4.983
  1485    1500  4.883
   312     400  6.000
  1201    1400  5.950
   191     300  5.083
   560     800  4.850
   206     200  5.100
  1525    1600  4.967
   647     800  4.933
   146     200  5.533
   400     500  5.662
  3623    3400  5.683
   218     200  5.650
   960    1100  5.454
   275     300  5.500
   107     100  5.533
   406     400  5.150
  2331    2400  5.200
  7771    9700  6.067
   218     300  5.100
   341     400  5.050
   225     300  4.967
   328     300  5.658
  2405    2900  5.222
   922    1300  5.300
   642     800  5.183
