7.836957422717443 61.41790164548603 481.3294801883216 2.7994566299047112 2.0588506752012345
1.4856432568006306 2.2071358864771846 3.279016546587511 1.2188696635820544 0.395847848026526
7.556469694314311 57.10023424109061 431.47618958104954 2.7489033621272156 2.022404109474679
9.313417207816917 86.73974008686025 807.8433879265311 3.0517891814175035 2.2314560709702165
6.331641489407167 40.0896839503822 253.83350619746057 2.5162753206688584 1.8455595215603882
6.950871950598456 48.314620873616384 335.8287430342188 2.636450634963313 1.9388671122249517
5.9918146951374585 35.90184334086519 215.11719251231898 2.4478183541957232 1.7903943203591253
7.586401505800749 57.55348780721587 436.6238665647476 2.7543423000420173 2.0263573690742254
6.192952245112384 38.352657510242516 237.5161764340827 2.4885642939478947 1.8234119108188758
0.18082047013143532 0.03269604241855329 0.005912113761560158 0.4252299026778753 1.7102506176794197
9.203473992602845 84.70393353251696 779.5704493376799 3.033722794291338 2.2195810206706907
7.710911419853151 59.458154924821734 458.47656581320575 2.776852790454177 2.0426363932803873
6.736286829205259 45.37756024532424 305.67626142204585 2.5954357686533602 1.907508857566305
7.7919312386749375 60.71419242823835 473.08081261251175 2.791403094981973 2.0530887416959245
1.7197005418252964 2.957369953554218 5.085790711505041 1.311373532531939 0.5421501720776284
5.963623274567801 35.564802560966776 212.09508430799 2.4420530859438334 1.785678228335938
1.5732147314939238 2.4750045913894985 3.8937136836890587 1.2542785701326176 0.4531211255629005
1.0959318495337311 1.2010666188224246 1.3162871609792848 1.0468676370648446 0.09160500551013803
5.690172563455959 32.378063801906954 184.2367703034375 2.385408259283085 1.7387405751750238
5.354165882849093 28.667092301065203 153.4883675588492 2.313907060114795 1.6778749275933744
9.593557877243427 92.03635274401941 882.956076860142 3.0973469094118964 2.2610918187621616
6.844287430440122 46.84427043048065 320.6156512954766 2.6161589077195067 1.9234143525823464
4.701006455041244 22.099461690339446 103.88971205922242 2.168180447988876 1.547776625161928
9.28410298923855 86.19456831478817 800.2392493474513 3.046982604026244 2.228303581547403
3.1094182072229137 9.668481587409358 30.06335268409016 1.7633542489309724 1.1344356370585587
9.274765091224475 86.02126749739615 797.8270488877324 3.0454498996411803 2.227297281081062
9.665599859985102 93.42382065334402 902.9972678262353 3.1089547857736854 2.2685731759164414
6.2741124389092215 39.36448689607542 246.97721688594584 2.504817845454879 1.8364320310151714
7.615565309800969 57.99683498784393 441.67868461167535 2.7596313720859476 2.0301942199411815
8.389284439263957 70.38009340287635 590.4386224186945 2.8964261494579757 2.1269552295074923
3.1566200586421767 9.964250194622139 31.453352033673454 1.776687946332213 1.1495018534711943
8.989464573156114 80.81047331202885 726.4428869784609 2.9982435813582784 2.196053288662727
2.3881956073174626 5.703478258810424 13.621021724121706 1.54537879088509 0.8705381047877037
4.503924958901813 20.285340035418695 91.36364928533244 2.1222452636068745 1.504949229708765
8.004578394310544 64.07327527066316 512.8795548842625 2.8292363623972006 2.0800136772678703
3.504615423405676 12.282329265972946 43.04484058087571 1.8720618107866194 1.2540807921857895
5.064679090596625 25.65097429072666 129.91395314367492 2.2504841902569823 1.6222907774696638
3.8416012058317452 14.75789982464792 56.69396576191155 1.960000307610115 1.3458892603726995
7.054616041895776 49.76760749857323 351.0913622262072 2.656052718207185 1.9536821602795778
9.290311151430693 86.30988129039748 801.8456526308391 3.0480011731347303 2.2289720454220965
8.865735342480964 78.60126316291604 696.8579967871118 2.9775384703612082 2.1821938850405203
4.971269787482713 24.71352329993842 122.85759172323395 2.2296344515374518 1.6036752979155908
0.7955278979316605 0.6328646363875664 0.5034614738606853 0.8919237063402119 0.2287493621376882
5.482788079125006 30.060965120595277 164.8179012101924 2.341535410606683 1.7016137451414943
5.654718989592011 31.97584685125249 180.81442839806337 2.377965304539158 1.7324904159535377
9.14619583203356 83.65289819790807 765.1057888352346 3.0242678175111344 2.21333803677501
4.140574661821505 17.14435853011827 70.9874965229911 2.0348402054759744 1.4208345854076567
4.316545651084293 18.63256635789472 80.42832328070996 2.0776298156996815 1.462455464586616
5.8478917794797365 34.19783826450668 199.98525726298618 2.418241464262768 1.7660812167153268
1.2938624767326434 1.6740801086967303 2.1660294356872045 1.1374807588406246 0.2576319127899155
2.45973868123515 6.050314379964434 14.88219231403178 1.5683554065437941 0.9000551171615861
9.419173607066417 88.72083144005659 835.6769138971694 3.069067221008106 2.242747357252349
6.7675740749667925 45.800058860162636 309.9552909739898 2.60145614511696 1.9121426881378514
8.398783712319627 70.53956784632545 592.4465735017835 2.89806551208209 2.128086899212868
1.0462336423736496 1.0946048344344337 1.1452124028901431 1.0228556312469759 0.045196708169960305
3.6826147765196096 13.561651592240574 49.94233854759583 1.9190140115485372 1.3036230369665869
7.558117804848341 57.12514475196551 431.7585736543693 2.749203121787901 2.022622191581207
0.12634262726259005 0.01596245946361376 0.0020167390662055567 0.3554470808187768 2.0687577985513705
7.176198803870375 51.4978292726706 369.55866082845955 2.6788428105938533 1.9707698283680606
1.5452341898083188 2.3877487013525713 3.689630930000406 1.2430744908525468 0.4351754780267085
4.196314704198315 17.60905709667099 73.89314522182816 2.0484908357613696 1.434206688722168
1.5821953502764607 2.5033421264364524 3.9607762725989426 1.25785346931845 0.4588133448298009
5.745025640007018 33.00531960433805 189.61640738354836 2.396878311472449 1.7483343743032955
5.863061614265542 34.37549149267406 201.54562464220896 2.421375975404386 1.7686719269266102
8.061175026654592 64.98254281035966 523.8356512713842 2.8392208485171757 2.087059330837683
7.414841900108154 54.9798804035995 407.6671208795448 2.7230207307525505 2.0034836537318585
2.042466773335888 4.171670520181113 8.520498426774763 1.429148968210063 0.7141582799750932
9.859341633301424 97.2066174421508 958.3932503798018 3.139958858536434 2.2884193949147864
7.485535773825056 56.033245821214685 419.4388661182358 2.7359707187440905 2.0129725949792356
5.735466604014557 32.89557716576628 188.67148425403633 2.3948834218004342 1.7466691080414833
0.6334491471065873 0.4012578219700629 0.2541764250967832 0.7958951860054106 0.45657555536076494
5.606020979785084 31.427471225790516 176.18306303337368 2.3677037356445347 1.7238411951160941
4.781361534643096 22.861418124964587 109.30870525009817 2.1866324644629 1.5647253458276797
1.439657404249376 2.0726134416100512 2.9838532873606916 1.1998572432791228 0.36440517156624036
0.18819099479916335 0.03541585052349873 0.006664944141675695 0.4338098601912632 1.6702979020768138
1.5491721723761642 2.399934419664684 3.717911618472267 1.2446574518220521 0.4377207059204232
7.711342895476287 59.46480925161261 458.55353435327544 2.776930480850446 2.042692348215953
0.07506902862120302 0.005635359058130998 0.0004230409304255915 0.2739872782105093 2.5893472071212393
1.971962359245727 3.8886355462819733 7.668242926092996 1.404265772297298 0.6790291683946863
5.003183286823589 25.03184300155089 125.23889854375143 2.2367796688148767 1.6100743672184963
1.0919244505416503 1.192299005690685 1.3019004366701572 1.0449518891038239 0.08794169044368819
1.9476720060991026 3.7934262433421027 7.388350101359096 1.3955901999151121 0.6666348163512811
8.377495462478668 70.18243022385067 587.9529907460349 2.894390343833856 2.125548998997271
9.207769745664713 84.7830236891784 780.6625604711917 3.0344307119564804 2.2200476652060503
6.092926481105123 37.12375310415206 226.1922983662966 2.46838539962971 1.8071285050693404
0.8161102302143253 0.666035907860479 0.5435587180950227 0.9033881946396717 0.20320584709436124
9.610785168138255 92.36719154810628 887.721234553125 3.1001266374356797 2.262885922884866
3.25222372057746 10.576959128686696 34.39863736989317 1.8033922813901195 1.1793389840848294
0.9768935555139024 0.954321018804594 0.9322700531616696 0.98837925692211 0.023377583218883943
2.989182238175464 8.935210453023675 26.70897238053811 1.728925168471864 1.0949998510569678
9.774173463320276 95.53446689107427 933.7704511191877 3.126367454941961 2.279743546114285
5.060900816071965 25.61271707011788 129.62342072197993 2.2496445977247084 1.6215444943461603
8.38929374129049 70.3802494776558 590.4405864533611 2.8964277552341073 2.126956338305441
2.7858216955824266 7.760802519577747 21.620212034170446 1.6690780975084498 1.0245428731596342
2.125502021760881 4.517758844509593 9.602505557833242 1.4579101555860297 0.7540080200093304
3.7529449504558743 14.084595801152245 52.85871269114632 1.93725190681436 1.322540851901387
0.2232739146866236 0.049851240979489675 0.011130481725476893 0.4725186924203355 1.4993559443057678
7.590259887496095 57.61204515973223 437.2903954125291 2.7550426289798304 2.0268658315981605
9.829867207012082 96.62628930749152 949.823592598973 3.135261904053963 2.2854254251168706
7.030535542823905 49.42843001891023 347.5083340739324 2.6515157066900255 1.9502628825546096
4.024559147167814 16.197076329052123 65.18609169746199 2.0061303913673743 1.3924153762178664
2.102896890622149 4.422175332588302 9.299378756685906 1.450136852377095 0.7433158658572043
4.586946259652707 21.040075988941954 96.50969786028602 2.141715728021043 1.5232144997523576
3.4981150055854737 12.236808592302259 42.80576375720979 1.870324839589496 1.2522242535818207
3.505608923832871 12.289293926856661 43.08145845759382 1.872327141242382 1.2543642354494098
1.3530445259642399 1.8307294892417945 2.4770585139399186 1.1632044213998844 0.3023572577116384
0.5711419561913167 0.32620313412204394 0.1863082961382026 0.7557393440805611 0.5601174904322719
4.016092312977636 16.12899746635806 64.77554274067637 2.0040190400736306 1.3903093684244594
2.0113461823062306 4.045513465077849 8.136928063452782 1.4182193703042667 0.698804240334515
0.9179769596090015 0.8426816983729863 0.7735623833905837 0.9581111415744008 0.08558298714175831
9.737992489058144 94.82849771695281 923.4391985163538 3.1205756662927024 2.2760349864579057
7.881788503878947 62.122590019878324 489.63711584986197 2.8074523155129363 2.0645548456138902
5.900029460327363 34.810347632730796 205.38207655734854 2.4289976246030713 1.7749573441750317
7.12603258988856 50.78034047215385 361.8623611302054 2.6694629778081884 1.9637546405507558
1.6177529007022962 2.6171244477306934 4.233860666815224 1.2719091558371203 0.48103808800094733
2.821035131287518 7.958239211958383 22.450472400124493 1.6795937399524679 1.0371038854295602
2.7478372020460307 7.550609288948158 20.747845102286078 1.657660158791913 1.010814130263878
2.957503754780327 8.746828459539733 25.868778011508187 1.7197394438636124 1.084345586448746
6.396150877616201 40.9107460492305 261.6713042467191 2.5290612641089183 1.8556963840643712
0.754656757374077 0.5695068214503565 0.4297821711781435 0.8687098234589482 0.28149225910144193
0.5483498463808989 0.30068755402595543 0.16488197405878088 0.7405064796346477 0.6008417899238586
2.5348931459073363 6.425683261167992 16.288420456506245 1.5921347763010945 0.9301514846389027
5.984822023056493 35.818094647662015 214.3649216712495 2.4463895893860594 1.7892266014009433
1.554834235389121 2.417509499538072 3.7588265342602147 1.2469299240090121 0.4413689389129681
6.628529000737277 43.93739671361513 291.2403083330966 2.574592977683517 1.8913829094055696
7.632362398970574 58.25295578921985 444.60766939453674 2.762673053216861 2.032397417160496
6.396514035386019 40.915391804890334 261.7158779432991 2.529133060039748 1.8557531600015797
5.10679828669201 26.07938874096045 133.18217774031172 2.2598226228383522 1.6305726494685866
6.840072756858543 46.78659531911843 320.0237160284674 2.6153532757274958 1.9227983685455101
2.02583078470024 4.10399036823919 8.313990028092224 1.4233168251307367 0.7059798804727195
4.149416258871557 17.217655289387626 71.44321879743087 2.0370116000827183 1.4229676638361113
6.134879297705119 37.63674399741085 230.89688158274325 2.4768688495164857 1.813990403593638
4.950227702275224 24.50475430437304 121.30411359495545 2.2249107178211047 1.5994335759822513
8.760074329024576 76.73890225003538 672.2384876380612 2.959742274088164 2.17020438996077
8.758113811087501 76.70455752796163 671.7872446589965 2.9594110581478033 2.169980563394965
4.09248482285167 16.748432025271267 68.54270386998552 2.022989081248752 1.4091523217288897
8.57629402501289 73.5528192034718 630.8106038575886 2.9285310353508107 2.1490018883737747
4.092490449761947 16.748478081392747 68.54298659614712 2.0229904719899072 1.4091536966653042
8.568031228957791 73.41115914039595 628.9891040689027 2.927119954658126 2.148037977975149
8.98149650789017 80.66727952124333 724.5128893210473 2.9969144979278557 2.195166517415251
0.7913260388979515 0.6261968998379223 0.4955259123189203 0.8895650841270422 0.23404521042798185
7.589093756710462 57.59434404814172 437.08887683758667 2.7548309851441815 2.0267121846359433
7.068549921473255 49.96439799235956 353.1758415053516 2.6586744669991575 1.955655355827174
4.96598893621814 24.66104611464097 122.4664821608724 2.2284498953797773 1.6026124591773594
5.421863921008228 29.396608377930715 159.38441036431075 2.3284896222676683 1.6904396531975683
7.930348691887139 62.89043037491606 498.74304225593477 2.8160874794450437 2.070697005914242
1.3196284742220166 1.7414193099775275 2.2980265070064014 1.1487508320876274 0.2773502380585683
3.6082029078678213 13.0191282243458 46.97565631698854 1.8995270221473084 1.2832098389416289
9.336586662968308 87.1718505151177 813.8875369057149 3.0555828679596155 2.2339407318026443
3.3259185202856703 11.061734003579222 36.79042598897789 1.8237100976541394 1.20174588266118
5.7211379639949715 32.73141960306453 187.2609673065417 2.3918900401136693 1.744167730359189
3.903856550233009 15.24009596479717 59.495148458353086 1.9758179446075008 1.361964923570688
5.675048460787284 32.20617503228412 182.7716040448099 2.3822360212177305 1.7360791026767832
0.51263802104076 0.2627977406165866 0.13472011368366993 0.7159874447507861 0.6681852948790025
2.717267837176165 7.383544498952033 20.06306799136136 1.6484137336167048 0.9996269038617922
7.2878936095499025 53.11339326411831 387.0847593510787 2.699609899513243 1.9862145618200817
6.39427552653976 40.88675950930532 261.4412056898678 2.5286904766182356 1.8554031411292848
1.779902950136213 3.168054511903594 5.638829571929547 1.3341300349427012 0.576558840422208
1.8988956590782347 3.605804724066163 6.847046938013029 1.3780042304282794 0.6412724851274704
2.7671187121651233 7.65694596721437 21.187678463916164 1.6634658734597243 1.0178066027269614
8.816647969804416 77.73328142345633 685.3469778483516 2.9692840837152 2.1766417490068517
4.138211012723438 17.124790385825545 70.86599616520373 2.034259327795608 1.4202635719148065
4.8217319691424585 23.24909918225041 112.10092478082059 2.195844249745974 1.5731331932166597
1.4870729375300262 2.2113859215341813 3.288492158348379 1.2194560006535808 0.3968097163961669
1.6037282287500387 2.5719442316897365 4.12469956713166 1.2663839183873264 0.47233106164124783
5.119293804071274 26.207169052402538 134.16219815221277 2.2625856456875337 1.6330165006460227
9.59195187081281 92.00554069198937 882.5127181656716 3.097087643385768 2.2609244000742605
0.6982099507629447 0.48749713534439365 0.34037535086588566 0.835589582727636 0.35923543238906436
7.328174366453188 53.70213954514159 393.5386424383987 2.7070600965721443 1.9917264216374864
5.131459313499231 26.331874686097994 135.1209435998722 2.2652724589989677 1.635390085298786
1.8437675711638168 3.39947885647532 6.267848874426251 1.3578540316115781 0.6118110711833297
5.7963559610276425 33.597742426940684 194.74447459346896 2.4075622444762756 1.7572294375187234
2.288254585723213 5.236109049083312 11.9815505429117 1.5126977840015543 0.8277893373114277
7.857763014136461 61.74443958633092 485.1731737100543 2.8031701721687288 2.0615019621343356
2.1158660019996187 4.476888938417851 9.472497099526494 1.4546016643740027 0.749464185903735
8.884920751899552 78.9418167675353 701.3917859905263 2.980758418909448 2.1843555422533374
7.698071052107466 59.26029792329494 456.18998398258094 2.7745397910477814 2.040969784762771
8.95513939373743 80.19452156126798 718.1531191952365 2.9925138919873753 2.1922276014146895
8.520820755587584 72.60438634885217 618.6489621479994 2.9190444935950506 2.142512669016961
7.547562587042162 56.96570100531857 429.9521936523725 2.7472827643040607 2.0212246749847678
7.52693665063571 56.654775342683116 426.43690496037385 2.7435263167383157 2.0184881397336922
8.121789701363017 65.96346795316637 535.741414688216 2.8498753834796036 2.0945505364594266
8.377859304898784 70.18852653267915 588.0296001089412 2.894453196183829 2.125592428984308
0.542138265738098 0.29391389917751254 0.15934197157641883 0.7363003909669599 0.6122342072378679
1.2861646194268994 1.654219428265541 2.1275985014037326 1.1340919801439826 0.2516646265086032
3.947495679358698 15.58272213855559 61.51272831459532 1.9868305613108275 1.3730813726210822
4.675742775770264 21.86257050516781 102.22375609930643 2.1623465901122936 1.5423880326378634
5.048549222504498 25.48784925205077 128.67666152475277 2.2468976884817202 1.61910091934132
8.924740408577769 79.65099136050088 710.864421178341 2.9874304022985654 2.188827241369061
7.251740684307164 52.58774295243573 381.3526750640655 2.692905621128814 1.9812415344357337
3.529321365234519 12.456109299100849 43.961612677012994 1.8786488137048178 1.2611056046543085
9.162370971004517 83.94904181030626 769.1722637263945 3.026940860176247 2.2151049848221556
0.6950305587673411 0.4830674776204424 0.3357466588928661 0.8336849277558885 0.36379946493456117
4.314012358497753 18.610702629271348 80.28680114300322 2.077020066946334 1.4618684127050388
1.4917136268039721 2.2252095443926603 3.3193753998647897 1.2213572887586877 0.39992554421946624
4.452101881009106 19.821211158884825 88.24605148434982 2.110000445736708 1.4933763174751549
6.302705927531331 39.72410200893858 250.36933319759646 2.5105190554009607 1.8409790534900405
3.008336878571293 9.05009077497207 27.225721832766332 1.7344557874363051 1.1013873940225924
0.8788437522212922 0.7723663408184 0.678789333054272 0.9374666672587842 0.12914815338725177
6.434475030360486 41.40246891633257 266.4031524374181 2.5366267029976024 1.8616702573566701
4.361634737952221 19.023857587311536 82.97511810267392 2.0884527138415705 1.4728469269858426
7.192760709832028 51.73580662890333 372.1232772118433 2.6819322716713088 1.9730750632433027
8.15760967173773 66.54659555642894 542.8611515323438 2.85615294964008 2.0989511936778618
2.570302983931869 6.606457429209071 16.98059724351494 1.6032164494951606 0.9440237845388382
1.915820236099205 3.6703671770472135 7.031763711701364 1.3841315819311417 0.6501458526518674
3.056904476729793 9.344664979850648 28.565748210445566 1.7484005481381526 1.1174027950308223
4.878992765497424 23.8045704057762 116.14232679555616 2.208844214854779 1.5849387980487155
2.5973798725741015 6.746382202453056 17.522917345343703 1.6116388778427075 0.9545031955971087
2.666693067513232 7.1112519163231305 18.963526186599076 1.6330012454108025 0.9808391532801803
8.044967994732225 64.72151003626584 520.6824768124992 2.83636527879119 2.08504680215579
2.0565825718922595 4.229531875010981 8.698381541410372 1.4340789977864745 0.7210456595439724
3.9707103121543774 15.766540383049113 62.604364485971544 1.9926641242704144 1.3789449986329663
3.126121704383904 9.772636910620125 30.550452355352835 1.7680841904117304 1.1397931641857246
8.202384329210542 67.27910868407866 551.8491067535398 2.863980504334927 2.104424883859209
8.667455768450557 75.12478949804684 651.1407900884799 2.944054307999524 2.1595752954143874
4.443973847259458 19.748903555126027 87.7636109110294 2.108073491901897 1.4915489868049496
8.564989242465106 73.359040723543 628.3193946347054 2.9266002874436245 2.147682875787566
3.3507655930978055 11.227630059888089 37.62115649670366 1.8305096539209527 1.2091888549798484
5.405124389579784 29.215369666830235 157.91270713677352 2.3248923393524663 1.6873474646246531
4.083766548730802 16.677149224532684 68.10558413133842 2.02083313233201 1.4070197362618289
2.9233634067808643 8.54605360810542 24.98322039032296 1.7097846083003743 1.072734805045347
1.5492931060209236 2.400309128363961 3.7187823848933768 1.2447060319693657 0.4377987662722135
5.53325446914142 30.6169050202735 169.41112653470674 2.3522870720091587 1.7107761540280155
1.6335629713832034 2.6685279814743206 4.359208498636413 1.2781091390735 0.4907635012903695
0.3672832316952068 0.13489697228447498 0.04954539592654072 0.6060389687926073 1.0016219800840014
0.7742788894201325 0.5995077986016737 0.46418623250001234 0.8799311844798617 0.2558231480446485
1.0847188044852163 1.176614884803837 1.2762962911839284 1.0414983458869325 0.08132078702994225
7.391353119676953 54.63210093975823 403.8051497155882 2.718704308981937 2.000310819643871
9.38412161607086 88.06173850520838 826.3820638555055 3.063351369998365 2.239019071206545
6.511781928187888 42.40330388027437 276.12106790303005 2.5518193369021813 1.8736131404533791
5.741141945393091 32.960710837151964 189.23211953714573 2.396068017689208 1.7476581357349388
6.575368555093483 43.23547163531216 284.2891606554678 2.564248146161655 1.8833306304994746
1.5865562196461935 2.5171606380980207 3.993616866222996 1.2595857333449731 0.46156576768568286
1.3215526473196415 1.7465013996375527 2.308093548238467 1.1495880337406272 0.27880729333005355
5.976737254151171 35.72138820515848 213.49735165576695 2.4447366431072224 1.7878748093897021
2.5802606430903055 6.657744986280797 17.178717359832145 1.6063189730219543 0.9478904182845064
5.756724031270033 33.1398715722019 190.77709507289728 2.3993174094458682 1.7503685683400811
9.739002239502135 94.84816462102759 923.7264876568549 3.120737451228817 2.2761386729309954
1.326431788870056 1.759421290525017 2.333752329767161 1.1517082047420066 0.2824924713888903
0.7269962833380528 0.5285235959873423 0.38423468993926047 0.8526407703939877 0.31883391378898585
1.4072603630575198 1.9803817294327823 2.786912711554056 1.1862800525413548 0.341644809383575
1.3972330223068619 1.9522601186247674 2.7277623058752365 1.1820461168274534 0.3344938683025532
3.1150095027636215 9.703284202307664 30.225822498204504 1.7649389515684732 1.1362322028811906
4.870106347595447 23.717935836889467 115.50886987109693 2.2068317442875993 1.583115774144661
2.1244663750978066 4.5133573789212145 9.58847599031769 1.4575549303878075 0.7535206532400437
8.971002249741144 80.47888136486065 721.9762257808156 2.9951631424249903 2.19399740335642
0.6009420168946855 0.3611313076694525 0.217018976394696 0.7752045000480102 0.5092568268138731
9.221623144952709 85.03833342752749 784.191463743493 3.0367125555364485 2.2215510681645236
9.667880182500872 93.46790722319308 903.6365279429385 3.109321498735837 2.268809069560145
6.434822117056833 41.406935678163784 266.446265501398 2.53669511708775 1.861724197629003
0.9068191841286233 0.8223210327037019 0.745696487968178 0.9522705414579532 0.09781220471830676
1.5184663622442651 2.3057400932673318 3.5011887717043977 1.2322606713858335 0.41770085329536116
1.1321012584551071 1.2816532593956373 1.4509612678648907 1.0640024710756584 0.12407542671256856
7.9697938207512955 63.517613545285535 506.2222839420854 2.823082326244011 2.075658623051105
5.591944293615949 31.269840982903975 174.85920884662804 2.364729222049736 1.721327043082167
8.758211938179272 76.70627635406592 671.8098252974586 2.95942763692226 2.1699917674674603
8.03548105211217 64.5689557388537 518.8426203942282 2.83469240873012 2.0838668669819524
3.9827105666120466 15.86198345740325 63.1736891232254 1.99567296083603 1.3819626343766056
1.0029324789570915 1.0058735573470168 1.0088232603874316 1.0014651661226623 0.002928187628115566
6.189424274936357 38.30897285517145 237.11048653767614 2.487855356514192 1.8228420734753288
4.8739294585419755 23.755188366843274 115.78111237437108 2.2076977733698007 1.5839004820867848
7.57208787493168 57.33651478568736 434.15712839954426 2.751742697806552 2.0244688385269205
5.855425468569784 34.286007417975675 200.75916105078733 2.419798642153885 1.7673686619705433
4.582052000349524 20.995200533907074 96.2011006041283 2.1405728206135675 1.52214693279919
0.1496229236080071 0.02238701926900753 0.003349611273897697 0.38681122476992197 1.8996369925068428
3.74616619573114 14.03376116603872 52.57280167917868 1.9355015359671353 1.3207329692233152
8.416484996407732 70.83721969475646 596.2003967481561 2.901117887368201 2.1301922822350887
1.5141434642496554 2.2926304303299476 3.471371382023965 1.2305053694517776 0.4148499089471341
8.806405508714946 77.55277798392494 682.9612112537837 2.967558846714745 2.1754793554119822
6.088296616289344 37.06735568792027 225.67705620955854 2.467447388758136 1.8063683408392448
8.846009959053156 78.25189219566761 692.2170176776295 2.974224261728284 2.1799665052710897
0.2318047586274019 0.05373344612230806 0.012455668508600125 0.48146106657486015 1.4618598192647618
5.875842123854051 34.52552066445769 202.86650866821398 2.424013639370466 1.7708493899884703
4.700854429710817 22.098032369331808 103.87963335126645 2.1681453894309803 1.5477442857490598
5.439135112157169 29.58419076830098 160.91241077262185 2.3321953417664587 1.693620061492306
5.162670576134004 26.65316747767981 137.60152349778932 2.2721510900760986 1.641453999123186
3.0634822347335366 9.384923402527983 28.750546117979493 1.7502806159966282 1.1195522541569771
9.454503423868774 89.38763499194637 845.1157010828891 3.0748176244890972 2.2464911807807795
4.4153728377516455 19.49551729635502 86.07997752824335 2.101278857684445 1.4850922784522624
3.0775428456939924 9.471269967082277 29.148239126830436 1.7542926909994216 1.1241315012196855
3.9567997517872957 15.656264275744006 61.948702600180184 1.989170619074014 1.3754355550543456
1.6176796466735655 2.6168874392619115 4.2332855481297 1.2718803586318823 0.4809928056297833
1.45221104027641 2.1089169055006924 3.062592413193668 1.205077192662947 0.37308725038409163
2.133963324954451 4.553799472250656 9.717641062979833 1.4608091336497218 0.7579809666749213
6.104351389310894 37.26310588418184 227.46709217414437 2.4706985630203646 1.809001859381412
3.2922026311849937 10.838598164781395 35.68286139645016 1.814442788071587 1.1915568335283746
8.541642441868062 72.95965560472179 623.1952908573686 2.9226088417487657 2.144953312712458
0.6706556669573027 0.44977902362194455 0.30164685107057965 0.8189356915883583 0.3994994377222207
7.3453458096791415 53.954105063770925 396.3115595451579 2.7102298444373942 1.994066889481371
0.9549296455831036 0.9118906280134718 0.8707913942194583 0.977205017170452 0.04611761076162955
8.825362553502913 77.88702420077146 687.3812267852636 2.970751176639153 2.177629684525401
3.4209157353579966 11.702664468419943 40.033829025632706 1.849571770804798 1.2299082741101106
9.146025202976821 83.6497770134872 765.062968788745 3.0242396074016393 2.2133193808604092
1.7024112373001121 2.8982040208856987 4.933935093144182 1.3047648206861313 0.5320456210010813
8.054046467355281 64.86766449831808 522.4471840982663 2.8379651984045333 2.08617463188807
6.544892317591299 42.8356154488656 280.3544904705757 2.558298715473097 1.8786849466048672
9.656281508833839 93.24377257784631 900.3881169573652 3.1074557935445903 2.2676086371434487
2.5885669220961494 6.700678710170332 17.345155264740814 1.6089023966966267 0.951104410645921
4.48332559866068 20.100208423606144 90.11577896396845 2.11738650195487 1.500365092172454
0.6443684265547789 0.41521066914068144 0.2675486455629378 0.8027256234572178 0.4394846255358401
2.6396663170982624 6.967838265623104 18.392767972753685 1.6247049938675828 0.9706525141311618
5.940804556269091 35.293158775787596 209.6697584603274 2.4373765725199483 1.7818445713857607
0.01998807067056907 0.00039952296913166346 7.985693341519274e-06 0.14137917339753076 3.9126196498565857
5.44202165406772 29.61559968334197 161.16873477494812 2.332814106196145 1.6941506194174014
5.1442243868181095 26.463044541934153 136.13183908207154 2.268088266981272 1.637874607060562
9.866322088373567 97.34431155152814 960.4303312383602 3.1410702138560302 2.289127148576414
6.85121177833758 46.93910283163159 321.5897341846732 2.6174819537749596 1.9244255385759217
9.178386235928036 84.24277389587321 773.2127164022804 3.0295851590486835 2.2168513978860562
6.005968080217431 36.07165258059066 216.6451939997202 2.4507076692697214 1.7927536548979033
7.669210799556785 58.816794288038416 451.07839394913407 2.769333999277946 2.0372137156336403
6.100065024315999 37.210793300883346 226.98825874177058 2.469830970798609 1.8082994308463853
8.120873700327873 65.94858965667693 535.5601673166225 2.8497146699850275 2.0944377469478224
6.461790291848403 41.75473377582627 269.8103333513488 2.5420051714834107 1.8659064143607638
0.7420495203510891 0.5506374906532814 0.4086002858265947 0.8614229625167239 0.29833929902406553
5.366552182077089 28.799882322956364 154.55607132382485 2.316582004177078 1.6801856505625465
2.8243207864879882 7.976787904988129 22.529007889463944 1.680571565416953 1.0382679061288094
1.1676909381355316 1.3635021270038379 1.5921490778309042 1.080597491268387 0.15502824163054987
5.4957842964259696 30.20364503284229 165.9927180663189 2.344308916594818 1.7039813067746623
0.6210636757178845 0.38572008929620955 0.23955673645653452 0.7880759327107284 0.4763216649173592
6.81737797709506 46.476642482580736 316.8488389100666 2.611010910949064 1.919474937094854
3.607337834146395 13.012886249664003 46.94187689985635 1.8992993008334402 1.282970058235927
4.159418261706646 17.30076027581874 71.96109823264938 2.039465190118882 1.4253752235586141
7.2459259254219655 52.503442516702165 380.43605530567413 2.6918257605985505 1.9804393695972764
7.883633543853781 62.151677853776526 489.9810523348268 2.807780893134965 2.064788907217528
2.8107377326946215 7.9002466019933015 22.20552122181504 1.6765254941976342 1.033446987213987
1.3320131056889006 1.7742589137269904 2.3633361259697034 1.1541287214556706 0.28669141117557495
2.420989895405471 5.861192073655394 14.18988678535035 1.5559530505145298 0.8841765042196076
0.41302963103718393 0.1705934761147123 0.07046016049701027 0.6426738138723126 0.8842359427419693
2.1218773068953456 4.502363305517445 9.553462525375782 1.4566665050365322 0.7523012189609611
9.890847840442342 97.82887100278295 967.6104774907882 3.144971834602393 2.291609869001961
1.9709877988457425 3.884792903198785 7.656879413247335 1.4039187294304976 0.6785348378144075
6.175221805491229 38.13336434701435 235.48198303242484 2.484999357241613 1.820544801786544
7.738144312676805 59.878877403812375 463.35139463178234 2.7817520221394294 2.0461619059721845
2.878331215491717 8.284790586074026 23.846371357708787 1.6965645332529256 1.0572106871427862
7.708512946026083 59.42117183905172 458.04887238937073 2.7764208877664935 2.042325295564999
8.487908054290575 72.04458313809081 611.5077974858079 2.9134014577964664 2.138642568817876
8.212472339385105 67.44470192516546 553.8877489984947 2.8657411501015067 2.105654015693654
9.53878989511492 90.98851266314651 867.9203051627579 3.0884931431225358 2.2553666320388457
9.587868399296248 91.9272204422236 881.3860919131356 3.0964283294299335 2.260498590914346
9.845380806962774 96.93152323411097 954.3277584387824 3.1377349803580885 2.287002391583025
8.550749007206385 73.11530858424096 625.190652288287 2.9241663781676968 2.1460188822937676
6.33867211340894 40.17876416130816 254.68001194051854 2.517671963026347 1.8466693006777406
1.719196876357053 2.9556378996758483 5.08132344476524 1.311181481091406 0.5418572494279549
4.769447659764088 22.74763097922914 108.49363533906148 2.183906513512904 1.562230503596814
7.029028535460195 49.40724215231369 347.28491494700467 2.6512315129879163 1.950048507861185
0.4982718377488293 0.2482748242935957 0.12370835296753763 0.7058837282080026 0.6966094919508866
8.724294226930093 76.11330975804574 664.0349089146604 2.9536916269187774 2.1661115739203813
4.08684658134503 16.70231497945156 68.2597988743195 2.021595058696234 1.4077736656698396
5.341665245976575 28.533387600073983 152.41580489329414 2.3112042847780843 1.675537448174765
6.329432905080448 40.061720899915116 253.5679744980718 2.5158364225601884 1.845210643687894
4.266679727440021 18.204555896547653 77.67300959084857 2.065594279484725 1.4508359433715314
9.564606544812008 91.48169835706071 874.9864508364608 3.0926698085654096 2.258069467159798
7.763810444615489 60.27675261992055 467.9772815580432 2.7863615064480576 2.0494732503533233
7.687569898575991 59.098730945491674 454.3256250606033 2.772646731658397 2.0396047255889895
9.005453028640634 81.09818425105277 730.3258889808993 3.0009087004840107 2.1978302859289083
4.717869054147633 22.258288412083886 105.01169009766342 2.1720656192085066 1.5513572260745951
7.861524960660523 61.80357470708844 485.8703452178231 2.8038411083120462 2.0619806029737826
4.71353332658091 22.217396420788898 104.7224384592479 2.1710673242856635 1.5504378022822198
2.021356987628394 4.085884071434136 8.259030318432943 1.421744346789673 0.7037690619262436
1.507665914260291 2.2730565090223194 3.4270098198404404 1.2278704794318867 0.4105627027739395
0.4200235411133546 0.17641977508940188 0.07410045865547217 0.6480922319495541 0.8674445190055888
0.5549322379419097 0.3079497887072163 0.17089126542103378 0.7449377409837078 0.5889092664881179
2.080278052074511 4.327556773942923 9.002521375939839 1.4423169041769257 0.7325015636609776
0.7718183957546032 0.5957036360252093 0.4597750247021611 0.8785319548853093 0.2590059952901548
5.601114279785372 31.372481175215604 175.72085230279788 2.366667336104796 1.722965556480603
9.50768649322389 90.396102453432 859.4578023365782 3.0834536632198466 2.252100576007745
8.76911976783426 76.89746150262158 674.3230497589129 2.9612699586215134 2.171236432798857
6.839956606556097 46.7850063795704 320.00741347371167 2.6153310701622647 1.9227813875435893
4.925718875328276 24.26270643876526 119.51127107197495 2.2193960609427683 1.5944702285059262
6.807810406342819 46.34628252870958 315.5167044942534 2.6091781093560513 1.9180705422262443
2.102101204667539 4.41882947466472 9.288826761913135 1.4498624778466194 0.7429374181404276
5.47317666776876 29.955662836608347 163.95263490487255 2.3394821366637446 1.6998591915181513
8.86010232225341 78.50141316080025 695.5305530461807 2.9765924010944813 2.1815583133373693
1.689475489612312 2.8543274300007617 4.822316232314389 1.2997982495804155 0.5244181195868381
9.262088213036625 85.78627806607199 794.5600749160477 3.0433679062901065 2.225929532202001
3.956134653364942 15.651001395554951 61.917468980818015 1.9890034322154757 1.375267450937752
9.221235964957318 85.03119272142231 784.0926924659964 3.036648805008132 2.2215090811826634
6.758566107016851 45.678215822916904 308.719241289767 2.599724236725282 1.9108107532088232
0.33317842441277223 0.11100786249417738 0.03698542472323969 0.5772160985391626 1.099077123448742
5.400797289646829 29.168611363856535 157.53375719667807 2.3239615508107763 1.6865465889024909
2.589682581723137 6.706455874080213 17.367591962200343 1.6092490738612022 0.9515353128816775
5.827045154336135 33.95445523067223 197.85414382001187 2.4139273299617234 1.7625100372876201
8.046575495769932 64.74737720912513 520.9946588663189 2.8366486380533513 2.085246596668231
8.867983415638061 78.6411298600317 697.3882353858003 2.977915951741765 2.1824474216167795
7.403250172786507 54.80811312086344 405.7581729321347 2.7208914298050386 2.0019191163232475
3.3813447644968173 11.433492416390036 38.660579722074516 1.8388433224439806 1.2182734896884801
2.1084556970834734 4.445585426563755 9.373319919509614 1.4520522363480846 0.7459557824036853
6.396434794262568 40.91437807725282 261.70615151895356 2.529117394322092 1.8557407717516918
5.353346382040592 28.658317486107098 153.41790022962206 2.313729971721115 1.6777218573395511
3.4488723456989314 11.89472045692685 41.02337244371437 1.8571139829582166 1.2380473212949485
8.955011258006717 80.19222663102704 718.1222922854732 2.9924924825313624 2.1922132926873976
2.3727949012673544 5.630155643480354 13.359204604191804 1.5403879061026655 0.8640685435739329
5.952213422698947 35.42884462935752 210.88004455357733 2.4397158487616846 1.7837631541962238
2.1834569104068846 4.7674840796035785 10.409596058865239 1.4776524998817837 0.7809093595636801
4.6032905913606275 21.190284268509274 97.54503620148586 2.1455280448786094 1.5267713937050527
7.998791552779884 63.980666304822826 511.76801318024536 2.828213491372227 2.0792904743672294
6.766259265774545 45.782264451679886 309.77467105431964 2.60120342644987 1.9119483885387238
7.890097075654877 62.25363186325764 491.1871987131844 2.8089316609086232 2.0656084384138906
8.22675989068635 67.6795782990057 556.7836401688264 2.868232886410438 2.1073922422359512
4.229103697273281 17.885318082290535 75.63886482872358 2.0564784699269967 1.4419900787083573
8.696572894103937 75.63038010246333 657.7251135698604 2.948995234669588 2.1629290278356494
2.9651724267113346 8.792247520129186 26.07052991550817 1.721967603269973 1.0869351847929853
6.3078548412917534 39.78903269880781 250.98344253949074 2.511544314021107 1.8417956569926028
9.772008250219903 95.49214524236585 933.1500311395963 3.126021153194569 2.2795219976665155
9.068873745011372 82.24447100295659 745.864723751062 3.0114570800546656 2.2048480827687196
5.494079121552979 30.184905393884357 165.83825851059197 2.343945204468948 1.7036709890169577
2.7215826085554418 7.4070118951914425 20.158794755316315 1.6497219791696545 1.001213552484517
5.692959446428805 32.40978725868297 184.50760453106713 2.385992339976976 1.7392302265339132
5.5708068366408785 31.03388881116475 172.88379995678946 2.3602556718798238 1.7175398974238918
0.8851307773841566 0.7834564930726814 0.6934614547600875 0.9408138909391999 0.12201987383573033
8.413470975155754 70.78649384978831 595.5601114382353 2.9005983822576598 2.129834108834125
3.9037014784324264 15.238885232715512 59.488058812613616 1.9757787017863175 1.3619252000617412
6.388133931627543 40.80825512841117 260.68859927631706 2.5274758023821993 1.854442196261274
3.815302859734926 14.556535911501504 55.53759309098583 1.9532800259396823 1.3390200481477088
8.580704231285063 73.62848510479338 631.7842536818098 2.929283911007102 2.149515988369989
9.30103279394697 86.50921103407697 804.6250088064289 3.0497594649327624 2.230125447105847
0.3138200277026548 0.09848300978729504 0.030905940859689757 0.5601964188591845 1.1589356175755996
5.626244978121261 31.65463255383471 178.09671744028634 2.3719706950384656 1.7274422530445157
4.673300972592025 21.839741980429565 102.06368743830036 2.1617818975539658 1.541865668362011
0.06332318528025072 0.004009825794036961 0.0002539149416973309 0.2516409848976329 2.7595037407454397
9.96444688059409 99.29020163618131 989.3719399672051 3.1566512130094595 2.2990234459118972
2.665018449634813 7.102323336893941 18.92782272809424 1.6324884225117227 0.9802109805337367
5.487629673170673 30.114079429863267 165.25491585953625 2.342569032743896 1.7024964087682268
4.831957156246788 23.347809959804547 112.81561741796762 2.1981713209499363 1.575251593922424
7.990198121989285 63.8432660286411 510.12034432371036 2.826693850063937 2.0782155557147273
4.79236570744416 22.966769073886766 110.06515652048402 2.189147255769735 1.5670241741458195
2.622185506446044 6.875856830215698 18.02977212458964 1.6193163700914173 0.9640081328182682
6.026830615956058 36.32268727342528 218.91068371327694 2.4549604102624665 1.796221269900909
7.205677844426529 51.921793197659355 374.13171488727005 2.684339368341218 1.9748693047523627
5.499061291686043 30.239675089719768 166.28982675904064 2.3450077380866023 1.7045774034330186
2.949912901213523 8.701986124745982 25.670101135569244 1.71753104810758 1.0817756449034917
1.9090839301342888 3.644601452296982 6.957850064324259 1.3816960339142212 0.6466235092744266
5.5147596973869275 30.412574519923155 167.7180402562488 2.34835254963707 1.7074280792061869
6.03128077484671 36.376347785035534 219.3959670550225 2.455866603634389 1.7969593886573987
7.3904641637379385 54.61896055549471 403.65947064599965 2.7185408151686703 2.0001905426950977
5.456810506084687 29.77678089931622 162.48625084877057 2.335981700717 1.6968644626762461
3.763855071097144 14.166604996223688 53.321048055266665 1.940065738859677 1.3254437170225233
2.587485695209822 6.695082222915457 17.323429480047324 1.6085663477798553 0.950686630154881
8.359947883549152 69.88872861565795 584.2661288744107 2.891357446520432 2.1234521930519574
8.977663004331275 80.59843301933844 723.585570324787 2.996274854603842 2.194739603938091
3.613448087810144 13.057007083298787 47.180817277669505 1.9009071749588784 1.2846624654581398
3.4376940305872896 11.817740247935484 40.625775105358976 1.8541019471936513 1.234800906661473
5.128694169367574 26.303503882904945 134.90262699819192 2.264662043080065 1.6348510788983028
2.1394031748388387 4.577045944510503 9.792146625069 1.4626698789675128 0.7605268998744138
6.9266967133792985 47.979127359139575 332.33686378935886 2.6318618340215543 1.9353830348250307
5.98096885730007 35.7719884719933 213.95114901468907 2.4456019417108887 1.7885825711102366
7.451264572340785 55.5213437270209 413.70422152190605 2.7297004546910975 2.008383759240848
7.50071750528824 56.260763094137445 421.99609060107133 2.738743782336756 2.0149986833381988
3.664550833917264 13.428932814363714 49.211006943495455 1.9143016569802325 1.2987057722802566
9.538643862462656 90.9857267348965 867.8804438915249 3.088469501624171 2.255351322573839
6.016778690727009 36.201625813186624 217.8171707624541 2.4529122876138496 1.7945520148948473
3.819190705902061 14.586217648048684 55.70754687569215 1.954274982161431 1.3400385430798982
9.719673795933282 94.4720586993521 918.2375933879634 3.117639138183456 2.274152057820027
3.970769271226433 15.767008605316098 62.6071532691519 1.9926789182471 1.3789598470176878
7.343669347425123 53.92947948431133 396.0402654115291 2.709920542640526 1.9938386288058434
1.4663821395908805 2.1502765793111287 3.1531271710824123 1.210942665691023 0.3827982377030089
2.2276065474242857 4.9622309301275465 11.053898109783425 1.492516849963271 0.8009277119570538
4.777603729238641 22.825497393634972 109.05118146955732 2.1857730278413268 1.563939108929794
8.424096079466802 70.96539475608793 597.8193037425743 2.902429340994678 2.1310961802114097
5.674162605193171 32.196121270172554 182.68602734347758 2.3820500845265977 1.735922993923362
3.154242892047762 9.949248222033829 31.382345485569036 1.7760188321208088 1.1487484963707728
0.6917854861401673 0.47856715883418766 0.33106581462482715 0.8317364282873315 0.3684793625485745
2.8159365079893894 7.929498417027477 22.328964082551742 1.678075239072846 1.0352948911628432
1.2583147919717086 1.5833561156948042 1.9923604213376402 1.121746313553875 0.22977335906739893
8.18752637889874 67.03558820516271 548.8556467547629 2.8613853950313546 2.102611822806408
3.3223858689864816 11.03824786244106 36.67331871654441 1.8227413061064046 1.2006831600706305
6.397616262881307 40.929493847083386 261.85119546760103 2.5293509568427446 1.855925462060777
6.080822041913928 36.97639670542627 224.8468881169096 2.465932286563021 1.8051398911009624
5.700339983750683 32.49387593034674 185.22614019278944 2.3875384779623308 1.740525819333786
3.1963941901290505 10.216935818690748 32.6573542917845 1.7878462434250464 1.162023358887014
5.446584958394279 29.66528770900681 161.57450982231518 2.3337919698195635 1.694988799132425
4.192607065405838 17.57795400489095 73.69745415628465 2.0475856674156123 1.4333227517548874
1.5817421478895166 2.5019082224101417 3.9573736855374597 1.2576733072978517 0.4585268648406694
3.645563867494218 13.2901359119794 48.450039274799416 1.9093359755407684 1.2935110496539406
8.886507029513542 78.97000718559359 701.7675239755124 2.9810244932763537 2.18453406225046
6.948672230604415 48.284045768372934 335.5100080119256 2.6360334274444273 1.9385505953688982
5.4598123520322766 29.80955091940422 162.75455431829826 2.336624135806244 1.6974144214065723
7.778212566239485 60.50059072560584 470.5864550468194 2.7889447047654934 2.051326564524364
3.959898424471653 15.680795532133079 62.09435752215591 1.9899493522378033 1.3762183745514662
7.016152235707547 49.226392194624005 345.3798616521278 2.6488020378479677 1.948214953196441
9.999165063986336 99.98330197684487 999.7495401088631 3.162145642437479 2.3025015959068944
4.391879526010599 19.288605770991083 84.71323277090562 2.0956811603892893 1.4797572735055555
1.9312312858974645 3.7296542796291745 7.202825030401232 1.3896874777796138 0.6581577714667886
8.16233941787626 66.62378477261655 543.8059446176321 2.856980822105087 2.099530821254514
8.28734588199454 68.68010176781186 569.1757585604415 2.878775066238163 2.1147297588979836
8.731597757506204 76.24079939888738 665.7039930618054 2.9549277076615943 2.166948372292966
9.310202298385516 86.67986683686294 807.0070954483118 3.051262410607373 2.2311108202027956
1.8815767639395498 3.540331118597228 6.661404769404659 1.3717057862163993 0.6321101295491671
6.116466382770312 37.41116101155935 228.82410866761015 2.4731490821966866 1.8109845413351175
6.6740716634352 44.54323256866869 297.28472628435566 2.5834224709549924 1.8982301179753394
3.932887771618545 15.467606224146685 60.832359375157395 1.9831509704554884 1.3693739579849618
0.12645042273359608 0.015989709409505153 0.0020219055142192853 0.3555986821314107 2.067904962782814
2.530787356877622 6.404884645731619 16.209401083677186 1.590844856319315 0.9285304625762097
6.175047308477087 38.13120926193011 235.4620211218581 2.4849642469212885 1.8205165437765292
4.937044656325769 24.37440993855483 120.33755033823584 2.2219461416347985 1.5967669044709343
3.1923426355372087 10.191051502668651 32.53332821292467 1.7867128016380274 1.1607550157871047
6.187176030719398 38.28114723510864 236.85219660150432 2.4874034716385274 1.822478767852433
0.08233439415682886 0.006778952461172054 0.000558140943908545 0.28693970474095926 2.4969663466093768
3.9648639326390844 15.720146004342267 62.32823990843707 1.9911966082331207 1.3774715373829807
7.8025969719482084 60.880519506655354 475.0261571532629 2.7933129026208663 2.054456623403184
7.348412310477216 53.9991634847731 396.8081177069784 2.710795512479172 1.9944842777107834
0.37486861358126844 0.14052647744834235 0.05267896577251949 0.6122651497360179 0.9811796781867408
7.739124820145293 59.89405298178892 463.52755201045983 2.7819282557509086 2.046288608875828
8.707292867568988 75.81694908161776 660.1603799792116 2.9508122386165114 2.164160935156421
5.77668054488572 33.37003811766118 192.76804997638826 2.4034726012346637 1.7538292175179826
0.3206389005436783 0.10280930454185881 0.0329646623739618 0.5662498569921923 1.1374397094746898
7.3129062858395315 53.47859834547133 391.0839779984849 2.704238577832868 1.9896407714712379
3.475708564464127 12.080550025089282 41.988471185640144 1.8643252303351276 1.2457983616741881
8.377315988229338 70.17942316664289 587.9152037386299 2.894359339859054 2.1255275753901044
1.5573027458194033 2.425191842136653 3.776757914898227 1.2479193667138127 0.44295531570992375
5.526319825942027 30.540210818599913 168.77497253527787 2.3508125884344815 1.7095221013993733
0.38569907790622193 0.14876377869770985 0.05737805226955195 0.6210467598387596 0.9526978044728559
6.406478296793127 41.04296416728136 262.94085917374605 2.5311021901126645 1.8573097122762998
5.847984562957041 34.198923448583855 199.99477639706797 2.418260648267064 1.7660970827307652
6.3373036593213685 40.16141767044801 254.51509916646404 2.517400178621065 1.846453387659694
4.148958821722064 17.213859304345338 71.41959341664602 2.0368993155583475 1.4228574164333334
0.182116042250845 0.03316625284511156 0.006040106704442544 0.4267505620978665 1.7031112002976754
7.285161059564452 53.07357166379424 386.6495175770771 2.6991037511671263 1.9858395477849986
0.34930716564748 0.12201549597267602 0.04262088706328697 0.5910221363430307 1.0518036130726378
9.717497818107436 94.42976384492277 917.6210241274375 3.1172901401870563 2.273928159211922
4.786970628513366 22.91508779824965 109.69385224002609 2.1879146757845396 1.5658977747143743
1.650331622902128 2.723594465550772 4.49483407445966 1.2846523354208048 0.5009762512950432
8.494807547016679 72.16175526085152 613.0002231958521 2.9145853130448383 2.139455100013436
9.90671652718506 98.1430323500016 972.2752006098189 3.1474936897768453 2.2932129641955386
6.998815463827271 48.98341789670774 342.82590264659166 2.6455274452984363 1.9457409152828393
9.644038288350655 93.00747450717344 896.9676452499782 3.105485193709778 2.266339930484276
1.1954069980550552 1.4289978909989989 1.7082340791061181 1.093346696183354 0.17848671154434892
3.622356252701746 13.121464821487436 47.53062014072101 1.9032488677789214 1.2871247126314982
5.147462708962558 26.496372340160157 136.38908854376137 2.2688020427006315 1.638503915398677
4.713702313586432 22.21898950111008 104.73370221693523 2.171106241892928 1.550473653089814
1.885204511439913 3.553996049953401 6.700009387011781 1.373027498428168 0.6340363091474912
3.899271091913601 15.204315048233084 59.28574613992222 1.9746572087108185 1.3607896361583778
0.8985858500270605 0.8074565298688549 0.7255690122521055 0.9479376825651887 0.10693302915705932
4.767170735317253 22.725916819665244 108.33832559596229 2.18338515505562 1.561752991674711
4.609413520101995 21.246692999299068 97.93479396842552 2.14695447555415 1.528100629848713
2.585469153380855 6.684650743083915 17.282958297367873 1.6079394122232513 0.9499069821625297
1.0316369771275224 1.0642748525768122 1.0979452917451822 1.0156953170747232 0.03114683882577582
8.418054385953218 70.8636396448662 596.5339725170743 2.90138835490067 2.1303787310014477
1.2309501142382617 1.5152381837431896 1.8651826153768554 1.1094819125331705 0.20778632179812034
9.569742032529534 91.5799625691625 876.3966171355959 3.0934999648504173 2.258606249253014
9.925166641864145 98.50893286877279 977.717574434778 3.150423248051624 2.295073616544558
5.305783715187812 28.15134083235218 149.36492574899592 2.3034286868031777 1.6687974925756228
1.036171304973753 1.0736509732510104 1.1124863300398395 1.0179249996801105 0.035532482459375465
9.48019628430302 89.87412158891279 852.0243135422087 3.0789927385921225 2.249205021147838
1.7485293583347938 3.057354916958686 5.345874831151498 1.3223196884017094 0.5587750679635725
1.217569361659342 1.4824751504515374 1.8050163226111153 1.103435254856098 0.19685654491393478
6.847951983769416 46.89444637201149 321.13091706098453 2.616859183022544 1.923949627098944
6.994292872176821 48.92013278178349 342.16173602157187 2.6446725453592212 1.9450945125395276
8.756535635909545 76.67691634295377 671.4241504087297 2.9591444094382324 2.169800351374507
1.2899442114179327 1.6639560685706323 2.1464104987064276 1.1357571093406955 0.254598970475561
7.221012381938844 52.1430198201141 376.5253917527265 2.687194146677691 1.976995162180058
5.878553820626325 34.557395022000364 203.1475065374734 2.424572915097899 1.7713107827870773
6.573924601387283 43.216484664724945 284.10191172291155 2.563966575715698 1.8831110059622738
7.735364442632004 59.83586306033553 462.85220751111723 2.781252315528385 2.045802598963197
9.577840222796823 91.73502333342469 878.6233963220801 3.09480859227139 2.259452120093745
9.853785875074903 97.09709607182567 956.7739937833468 3.1390740474023393 2.287855734138864
6.004417653255643 36.053031354728 216.47745791970797 2.4503913265549326 1.7924954738527967
2.1482631843627997 4.615034709288596 9.914309160521167 1.4656954609886734 0.7646596944495717
0.15448057004819438 0.02386424652241509 0.003686562406553323 0.3930401634034293 1.8676869507586762
4.518231986837462 20.414420286881196 92.23708673293021 2.1256133201590224 1.5081207639691678
9.354171859617129 87.50053117925297 818.4950064585192 3.058459066199371 2.235822431982588
9.535773847314784 90.9309828671326 867.0972883350319 3.0880048327868246 2.2550503943658904
2.7179226575695594 7.387103572529977 20.07757617359226 1.648612343023538 0.9998678596837438
8.921966060764213 79.60147838942848 710.2016885771368 2.98696602939575 2.18851633270469
3.618467013567308 13.093303528274713 47.377686915686496 1.9022268564940692 1.2860504592309001
6.897682262578456 47.578020595489456 328.17806875010007 2.626343896480135 1.9311854512007003
6.876491726467997 47.286138464182805 325.1627399255732 2.6223065660727003 1.9281085984115724
6.377545005515515 40.67308029737589 259.39440010946106 2.5253801704922596 1.8527832279302174
4.604509909434804 21.201511506083307 97.62256982475661 2.1458121794404104 1.5270362382965919
5.615783092776809 31.53701974511786 177.10506228120127 2.369764353849726 1.725581042896567
8.900165819763226 79.21295161928161 705.0084044844882 2.983314569361271 2.1860699079986015
3.8190653060333544 14.585259811747639 55.70205972652798 1.954242898422137 1.340005708393938
0.6033841587310274 0.3640724430075496 0.21967554474126022 0.7767780627251437 0.5052012059477953
0.1366229966272181 0.01866584320740085 0.0025501834335689083 0.3696254815718447 1.990529995888692
7.217717168422096 52.095441123335085 376.0101597924181 2.686580943954992 1.9765387212497858
2.562897134347776 6.568441721248043 16.83424046451698 1.6009050984826603 0.9411383117141507
5.794446408310603 33.575609178783644 194.55206801284342 2.4071656379050035 1.7568999430327563
5.272313068318554 27.797285090362603 146.55598944569525 2.296151795574185 1.662469178653814
9.345952923255057 87.34683604369974 816.3394176596958 3.057115130847227 2.2349434071646557
9.075205337617591 82.35935191992282 747.4280301464091 3.0125081473114044 2.2055460066296546
4.036054680045323 16.289737380315756 65.74627079053265 2.008993449477953 1.3952676504782113
6.266455362300277 39.2684628077019 246.0740693306126 2.503288909075474 1.8352108618174323
1.0118325902643688 1.023805190721102 1.0359194580534388 1.0058988966413915 0.011763132541157099
2.355162526597928 5.546790526691136 13.063593191351346 1.5346538784357624 0.8566097385044439
8.55823823385004 73.24344166733263 626.8348228561313 2.9254466725356725 2.1468943551685182
3.099491695872114 9.606848772780195 29.776347994731424 1.7605373315758215 1.1312381289731908
4.308522570835888 18.563366743402288 79.98068460465305 2.075698092410331 1.4605950543600419
8.300104272723798 68.89173093808786 571.8085503145613 2.880990154916153 2.1162680777024097
1.5604501039823915 2.4350045270186564 3.7997030673838563 1.2491797724836853 0.44497430783903186
1.8965403776347 3.5968654039987706 6.821600471601017 1.3771493664939545 0.6400313725263969
0.07055142135270476 0.004977503054886884 0.0003511699153096997 0.26561517530575085 2.6514134541434538
4.64007685279928 21.53031319988367 99.90230791229901 2.154083761788125 1.5347309292042903
1.9211924774707068 3.690980535490032 7.091084039274251 1.3860708775061636 0.6529460752640701
2.352635565567809 5.534894104374564 13.021588721603182 1.5338303574932297 0.8555362169882995
9.046476658347125 81.83873993001936 740.3522505254609 3.00773613509349 2.2023753623876603
3.4228188269647672 11.715688722224465 40.100679929288695 1.8500861674432267 1.2304644300037952
7.4787338786682405 55.9314604279401 418.2965079858277 2.7347273865356745 2.012063510101294
5.013287559333164 25.13305215256467 125.99921768452406 2.239037194718561 1.6120918993597397
7.830508256406212 61.316859553645855 480.14217499172395 2.7983045324635794 2.0580274193144747
4.940935126393668 24.41283992323081 120.62225831171679 2.2228214337624306 1.5975546101262683
1.0064253865371164 1.0128920586663843 1.0194002816636913 1.0032075490829984 0.006404831742390477
0.4664867161404307 0.21760985633548277 0.10151210728173025 0.6829983280656189 0.7625257346833896
6.02195530486349 36.26394569377353 218.37986014590103 2.453967258311221 1.795412008056491
7.028043208364351 49.39339133863628 347.13888853558524 2.6510456820591286 1.949908318337305
5.874541341081709 34.510235968078085 202.7318078849597 2.4237453127508486 1.7706279873795192
5.840673127155148 34.1134625782723 199.2455841551278 2.4167484617053443 1.7648460516972087
7.123506135923689 50.744339668542445 361.477614992258 2.6689897219591705 1.96340003903839
1.499091169827672 2.2472743354552986 3.368869112461388 1.2243737868100868 0.4048590377030426
7.621024808192302 58.08001912708251 442.6292666277792 2.7606203665466755 2.030910849919766
6.471118759524721 41.87537799987277 270.98054413716545 2.5438393737664966 1.867349008483561
2.297216530641768 5.277203788653801 12.122879778860879 1.5156571283247964 0.8316981859780075
4.097768298073833 16.791705024698913 68.80851652081829 2.024294518609837 1.4104425079727216
2.7528580690783366 7.578227548489708 20.861784856171635 1.6591739116434832 1.012639669829045
4.5453141951895235 20.659881132991387 93.90565098471396 2.1319742482472726 1.5140968550947644
8.583856482433404 73.68259211101397 632.4807959346238 2.9298219199182403 2.1498832859940125
9.068605589539661 82.23960733863 745.7985627926469 3.0114125571797135 2.2048185135582705
8.47462852281531 71.81932859971481 608.6421306405884 2.911121523196053 2.1370768201896713
4.153209149382347 17.249146238513237 71.63931197682727 2.0379423812714497 1.4238813244165034
2.05458003636388 4.221299125825002 8.672996911440348 1.4333806320597051 0.7200714651967411
4.5302308250204115 20.52299132796512 92.97388793557417 2.128433890216093 1.5107728929474362
9.768901538436381 95.43143726766469 932.2603143392847 3.1255242021837524 2.2792040276391936
7.445512746445827 55.435660057487276 412.7469135656593 2.728646687727421 2.007611535013057
5.840987424491386 34.11713409306652 199.27775119728787 2.41681348566483 1.7648998620839982
3.4497350144063352 11.900671669621078 41.054163753645334 1.8573462290069493 1.238297420674974
7.664504447724484 58.7446284291884 450.24846587543664 2.7684841425813667 2.036599858925831
8.206134184602675 67.3406382557046 552.6063136031003 2.8646350875116147 2.1048819458973513
6.595521773397671 43.50090746336276 286.91118233716634 2.568174794167576 1.886390899551888
8.729020869419516 76.19580533876145 665.1147749642756 2.954491643145994 2.1666532065648254
9.025792065940003 81.4649224175855 735.2854504090611 3.0042956022901612 2.200086263907009
7.11202333682233 50.580875943505426 359.73237010712575 2.66683770350247 1.9617867795366937
3.6057273821513878 13.0012699543963 46.87903507730886 1.898875293996788 1.282523520745006
2.70330615259836 7.307864154676149 19.755394131689048 1.6441733949308266 0.9944755248827808
0.8870458214145827 0.7868502892890716 0.6979722611927266 0.9418311002587367 0.11985863914033405
3.7452063434497287 14.026570555016088 52.53240101949143 1.9352535605056327 1.3204767138357627
7.079000573158409 50.112249114777086 354.744640205764 2.6606391286979165 1.9571327357580623
5.741650827085935 32.9665542201766 189.28244330445028 2.3961742063309868 1.7477467695199875
8.701128455630414 75.70963640138132 658.7592716574911 2.949767525692561 2.163452724792968
8.571665957810737 73.47345729229146 629.7899326749957 2.9277407600077465 2.148462107861205
0.37049024178682943 0.13726301925926335 0.050854609193754695 0.6086790959009759 0.992928172550121
6.468856030910758 41.846098348650486 270.6963856727524 2.5433945881264193 1.8669992815832122
3.945958973945334 15.57059222405971 61.44091811617185 1.9864438008525018 1.372692010674945
8.589453381927 73.77870940029716 633.7187849725917 2.9307769246271542 2.150535099737078
6.56500883783858 43.09934104089866 282.94755483851867 2.5622273197042023 1.8817538539592729
2.406424239644953 5.79087762115079 13.935308276354766 1.5512653672550525 0.8781419277134065
5.952156420463801 35.42816605366845 210.87398604160035 2.4397041665873758 1.7837535775053281
6.613300019660987 43.73573715004802 289.2375513543003 2.5716337257978608 1.8890827758262805
7.6781502011319755 58.953990511143 452.65759410066516 2.7709475276756823 2.038378658920731
5.929376134339456 35.15750134247432 208.46204940307462 2.4350310335475105 1.7799190024734217
6.038786827869314 36.466946352447934 220.21611528577955 2.4573943167243866 1.7982031354593655
1.1831794062622147 1.399913507403007 1.6563488325075444 1.0877405050204827 0.16820522714315012
6.498034258534567 42.224449225088875 274.3759176123809 2.5491242140261754 1.8714997093989951
7.915313914640949 62.652194367308624 495.91178585834723 2.813416768742404 2.0687993532718347
9.274613059219035 86.01844739823628 797.7878155734278 3.0454249390223094 2.227280888940667
1.5769615875727305 2.4868078486799066 3.921600453042592 1.2557713118130747 0.45549994977221375
1.9987140432820072 3.9948578268127095 7.9845784393656025 1.4137588349085592 0.6925039954017141
7.133362198371146 50.88485625315043 362.9801100657729 2.6708354869536883 1.964782679852137
0.2152589173193853 0.046336401485513955 0.00997432361624809 0.4639600384940338 1.5359137088000658
3.5864076561194826 12.86231987587244 46.12952247828672 1.8937813115878726 1.2771510486213364
4.460554640656484 19.8965477022821 88.74963818645753 2.112002519093309 1.4952731171916351
5.396572012213879 29.12298948301015 157.16430995601172 2.323052305096439 1.6857639394384403
5.588470887114875 31.231006856130517 174.53357259077046 2.363994688470106 1.720705705402542
8.04887977125122 64.7844655720571 521.4423744342515 2.8370547705765605 2.0855329228962005
1.617635971257373 2.6167461355057844 4.232942676442876 1.2718631888915461 0.480965806461014
4.115911173185632 16.940724785554323 69.7265184267258 2.0287708528036457 1.414860236880243
8.141683032549112 66.2870026024981 539.6877643672977 2.853363459594503 2.096996919397809
2.3672279016237088 5.603767938225787 13.265395817592447 1.5385798327105775 0.8617196087966962
6.670786424733821 44.499391524413035 296.8459368899697 2.582786561977939 1.897737757735007
5.563706285107713 30.954827626947072 172.2235690224713 2.3587510010825037 1.716264484225658
1.0429590125880328 1.0877635019386043 1.1344927479111875 1.0212536475274068 0.04206187763192202
7.936452972065709 62.98728577781063 499.89563141365727 2.8171710938574015 2.0714664464869568
0.756255699540902 0.571922683088099 0.43251978878209996 0.8696296335457423 0.2793757330824748
1.1189351679037307 1.25201590997175 1.4009246324423823 1.0577973189149852 0.11237749012116655
3.988343520351453 15.906884036329421 63.442117875276416 1.9970837539651294 1.3833759868932574
8.572932447748233 73.4951707536545 630.0691341068017 2.927957043357746 2.1486098500141377
0.8824943893804005 0.7787963472878859 0.6872834069515091 0.9394117251665536 0.1250028478375008
7.286644463534779 53.095187537962055 386.885754313832 2.699378532835804 1.9860431469852624
4.184763338267631 17.512244197308846 73.28459748768812 2.045669410796288 1.4314501523466403
1.9086238241177111 3.6428449019897156 6.95282056750332 1.381529523433253 0.6463824714326522
7.231191629216337 52.29013237844842 378.11996754565035 2.689087508657228 1.9784038399087867
6.50909023929316 42.368255743261486 275.7787999143397 2.5512918765388566 1.8731996982663353
5.268641394682577 27.75858214576277 146.25001495086244 2.295352128690188 1.6617725294466934
0.6640075948171664 0.44090608597487824 0.29276498968842973 0.8148666116716076 0.4094616915934561
8.447475335757769 71.35983954823583 602.810484547354 2.906454082857283 2.133867619892992
5.432334318465726 29.51025614758048 160.3095772172156 2.3307368616954007 1.6923689344718125
5.413316617388254 29.303996800091813 158.63181283382923 2.326653523279359 1.6888619581397655
5.659792140908638 32.03324707829118 181.30152006149703 2.3790317654265647 1.7333871673196521
7.498685418926949 56.230283012027634 421.65320332442735 2.7383727684387584 2.014727727702966
9.367369929594222 87.74761939786606 821.9644113410492 3.060615939577232 2.2372323663044598
3.9069002232919727 15.263869354758866 59.63441459040691 1.976588025687693 1.3627442778128633
3.6739287164001833 13.497752213189898 49.589779462892494 1.9167495184296208 1.301261584427296
3.4811327392811053 12.118285148494772 42.18535917436914 1.865779391911355 1.247357740616239
5.1143738409627515 26.15681978512409 133.77575487181556 2.261498140826729 1.632054975676045
9.291625503094894 86.33430448976344 802.1860253890459 3.0482167742952426 2.229113510942169
9.558059034174676 91.35649250076813 873.1907484774779 3.0916110742094767 2.2573846765519034
7.27267085679971 52.89174139134383 384.6642261822132 2.6967889900397677 1.984123604655384
8.018404780344436 64.2948152214505 515.541853723041 2.8316787918731947 2.081739496900201
6.490054679964037 42.120809748923094 273.3663584348732 2.547558572430482 1.8702709559446107
0.01446400526970204 0.0002092074484419684 3.0259776367255486e-06 0.12026639293544161 4.236092111000107
4.844099011431925 23.46529523255575 113.66821343898157 2.200931396348356 1.5777612654967998
5.757627265641606 33.150271730059636 190.86690837641947 2.3995056294248625 1.750525456791742
1.524718973452479 2.3247679480059817 3.5446177991989067 1.2347951139571613 0.42181011337449176
6.867884195718634 47.167833325801794 323.94321704456485 2.6206648384939717 1.9268560814659674
6.683874245079279 44.6741749240341 298.59656719491807 2.5853189832357786 1.899697796235282
2.9304689039190346 8.587647996836427 25.16583541253174 1.711861239680084 1.075162445691914
8.676305401709879 75.27827542374003 653.1373076903996 2.945556891609782 2.160595793095428
2.3461778109846665 5.504550320756802 12.914653822008136 1.5317238037533616 0.8527875406177159
0.33453133436213256 0.11191121367010894 0.03743780763914727 0.5783868379917826 1.0950247285779868
8.779445073550434 77.07865579948898 676.7078249347132 2.9630128372233613 2.172413202181542
9.949787942177323 98.99828009429726 985.0118935785322 3.1543284455137712 2.2975512385994024
4.487968121259284 20.141857857439586 90.39601596712468 2.118482504355248 1.5014000650889479
2.1816575538817986 4.759629682409513 10.38388205030874 1.4770435179377075 0.7800849337018971
4.690327089680871 21.999168208194227 103.18329459733955 2.165716299444798 1.5455023219625519
7.566570914259355 57.25299540051565 433.20884975176637 2.7507400666474022 2.0237399812360093
8.439231283674497 71.22062465935029 601.0473236680283 2.905035504718401 2.1328912243264653
3.258300299906681 10.616520844371967 34.59181305118271 1.8050762587510483 1.1812056790158716
6.1600632522063705 37.946379271183325 233.75209650270196 2.4819474716855656 1.8180870457080305
2.3917161229769612 5.720306012907947 13.681348119433993 1.5465174176118939 0.8720111513604147
4.9632972044519 24.63431913972004 122.26744731974841 2.2278458664036656 1.6020702788445451
2.104981533282798 4.430947255461599 9.327062147696761 1.4508554487897125 0.7443066943085942
3.01636027387708 9.098429301823812 27.444140700700522 1.7367671904654003 1.1040508972149001
4.221205698188401 17.818577546418222 75.2158810725525 2.0545572998065547 1.4401207977116413
0.4344123816048562 0.1887141172916032 0.08197974913510352 0.659099675014983 0.8337610079949977
6.2521954624361085 39.08994810050667 244.39799614085075 2.5004390539335506 1.832932676055824
2.1997690295183703 4.838983783228192 10.644646660687012 1.483161835241984 0.7883523682702341
9.614375267412056 92.43621178262464 888.7164283761292 3.1007056079886164 2.2632594021416526
4.638433020738186 21.515060887874377 99.79616886550915 2.1537021662101252 1.5343765981531416
4.371025913891816 19.105867539913785 83.51224212434764 2.090699862221217 1.474997744459306
6.093040721386557 37.125145232474814 226.20502168885903 2.468408540210991 1.8071472545505327
2.7370349911073086 7.491360542545785 20.504115935948445 1.6543986796136259 1.0068752144515414
8.763501977241685 76.79896690511892 673.0278983231283 2.96032126250542 2.1705955941534434
7.666318870276251 58.77244502075373 450.56830431487776 2.7688118156126555 2.036836561485453
9.82557437416775 96.54191178230198 948.57973444135 3.1345772241512493 2.2849886165216673
4.764719807275403 22.702554841842556 108.17131273068334 2.1828238149872297 1.561238733126543
9.703976933716378 94.16716833009951 913.7960293886731 3.1151206932824254 2.2725357946517413
2.4551343777983514 6.027684813047298 14.79877620304545 1.5668868426910576 0.8981814961225771
0.2776648372285273 0.07709776183314457 0.02140733749008385 0.5269391209888741 1.2813405141178558
1.6005699571222831 2.561824187642427 4.100378830169667 1.2651363393414494 0.4703597890147415
6.159190816601049 37.935631515302696 233.65279325101366 2.4817717092031346 1.817945407975436
8.281629462407539 68.58538655261658 567.9987579647593 2.8777820387248823 2.114039744012333
7.287664820813104 53.110058540516896 387.0483052570495 2.699567524773756 1.9861831683420328
8.52715494591942 72.71237147171803 620.0296580245906 2.920129268700175 2.143255770806196
8.911977748711037 79.42334739352063 707.8191046992026 2.985293578312029 2.1873961864034266
1.2753889351637648 1.626616935938162 2.074569241845518 1.1293311893168296 0.24325117928022255
6.684053161428065 44.67656666479651 298.62054665758484 2.5853535853782295 1.8997245642365368
9.563670755465157 91.4637983189395 874.7296531666049 3.0925185133585145 2.257971623602544
5.134175739075763 26.359760519714158 135.33564294816355 2.265871959991509 1.6359193123024778
2.8156773952712633 7.928039194241566 22.322800748050575 1.6779980319628696 1.0352028703948148
1.7900624054428527 3.204323415379852 5.735938880751715 1.337932137831681 0.5822504826208456
3.1515163815209513 9.93205550299491 31.30103561986377 1.7752510756287267 1.1478837279651182
3.6442837300029085 13.280803904763912 48.39901759149022 1.909000715034677 1.2931598386067007
3.1592787594983394 9.981042280217366 31.532894873545597 1.7774360071457818 1.1503437608828737
8.678379600995036 75.31427249896677 653.6058461188147 2.9459089600656427 2.1608348293320074
0.9321740208300677 0.8689484051104955 0.8100111286857252 0.9654915954217663 0.07023576409728471
4.161533087235933 17.318357636159433 72.07091831946255 2.039983599746805 1.4258835369680158
6.1165166699152165 37.41177617335073 228.82975261543663 2.473159248798026 1.81099276290212
1.05483620492142 1.1126794192130238 1.1736945358568358 1.0270521919169542 0.05338549887591558
0.579375421742927 0.33567587931979453 0.1944823541498338 0.7611671444189686 0.5458046147349003
7.2423275269698895 52.451308007905794 379.8695518112323 2.6911572839523688 1.979942636359155
6.814194560583765 46.43324750948937 316.4051826094021 2.610401225977295 1.9190078718959758
4.550829068897382 20.710045214321415 94.24787577951301 2.1332672286653125 1.5153094293085765
1.8447303215289546 3.40302995916832 6.27767255074924 1.3582084970758188 0.6123330996160468
2.8706077121529896 8.240388637072222 23.654923172717382 1.694286785686824 1.054523753751196
6.481868511358087 42.0146193985355 272.33323849606194 2.5459513961107127 1.869008819317386
1.9425836933648855 3.7736314057271594 7.33059483353519 1.39376601098064 0.6640188877188452
8.674565969879943 75.24809476579915 652.7445621537024 2.945261613147454 2.1603952922907697
3.1360833338391316 9.835018676783562 30.84343816025752 1.7708990185324323 1.1429746754256371
9.980278832274998 99.60596556995638 994.095309746148 3.1591579308852222 2.3006110290387944
5.986127052060719 35.833717083413156 214.5051832089098 2.446656300353754 1.7894446340734085
2.165619295804734 4.689906934361792 10.156552952582322 1.4716043271901365 0.772706369420822
2.337300132382245 5.46297190883406 12.768604965718335 1.528823120044384 0.8489964736617451
5.383044158797566 28.977164415564598 155.98535564572168 2.320138823173641 1.6832540429257348
1.276394296380845 1.6291823998335524 2.0794791229116036 1.1297762151775212 0.24403914689178968
3.527081528893995 12.440304111465203 43.87796684537294 1.8780525894910385 1.2604707666357446
1.0558787819385362 1.114880002148007 1.1771781386756703 1.0275596245174954 0.054373388864281266
2.242125088574356 5.027124912814564 11.271442890418705 1.497372728673244 0.8074241163916871
8.041679585643408 64.66861055815393 520.0442453574302 2.835785532377829 2.084637965060529
2.4066910706679465 5.792161909632827 13.939944347776326 1.5513513691836374 0.8782528043519509
4.3539404869987735 18.956797764327117 82.53676928995166 2.086609807079123 1.4710812941380427
7.299321816097487 53.28009897495672 388.90858881173494 2.7017257107444284 1.9877814419342423
2.0324747045330946 4.13095342456689 8.396058341036566 1.4256488714031568 0.7092541168682104
6.1203088360357345 37.45818024845709 229.25563155645114 2.4739257943672714 1.8116125586555318
1.04824548828781 1.0988186037157492 1.1518316437917453 1.0238386046090517 0.04711780301731665
5.906280607469771 34.884150614173485 206.03558228054757 2.430284059008282 1.7760162944635922
1.8519236737747513 3.4296212934873713 6.351396865491248 1.3608540236831985 0.6162249225101091
0.3799956416889916 0.14439668770262848 0.05487011200132523 0.6164378652297339 0.9675954955669737
0.5993667959679017 0.35924055610882827 0.21531686109667558 0.7741878299016988 0.511881521082905
9.594725365514762 92.05875483965238 883.2784701777176 3.0975353695341012 2.261213506383509
6.8931596100622405 47.51564940979342 327.53295535746577 2.6254827384811046 1.9305295590194806
5.450415042188834 29.70702413211831 161.91561118836435 2.3346123965636854 1.695691760305605
2.4890697946473295 6.195468442625699 15.420953364230359 1.5776786094282098 0.9119090642326962
9.664661513735554 93.40568217508121 902.7343016817225 3.1088038718670488 2.268476090188303
1.1713979227818305 1.3721730934975873 1.6073607114201924 1.0823113797710113 0.1581978413936992
4.889055335197279 23.902862070620976 116.86241533285416 2.2111208323375906 1.5869991018383025
5.9069568078087045 34.8921387293176 206.10635640614836 2.4304231746362 1.7761307762632719
5.486804168752207 30.1050199862366 165.18034916085148 2.3423928297260916 1.7023459674002412
0.022404164233552626 0.0005019465750039987 1.1245693502858828e-05 0.14968020655234487 3.798508434115418
9.811123091612352 96.2581363187691 944.4004239926452 3.132271235319884 2.283516751388591
9.73481259069444 94.76657617594302 922.5348589345738 3.120066119602987 2.2757083875545687
6.951562655116449 48.32422334800965 335.9288663635303 2.6365816230711405 1.938966476766221
4.528092335819852 20.503620201710483 92.84228549192632 2.1279314687789763 1.510300732879327
4.154178369951378 17.257197929371888 71.6894783641664 2.0381801613084596 1.4241146638559294
9.515762931626536 90.54974417091765 861.6498990498843 3.0847630268185164 2.2529496795228354
3.144036391380707 9.884964830326217 31.07868915406404 1.7731430826023902 1.1455074493666089
2.621457489144503 6.872039367391802 18.014759065345093 1.6190915629279596 0.9637304566657037
2.5428347896188663 6.4660087672960245 16.44199204346093 1.594626849648176 0.9332795176047664
2.063261019367586 4.25704603404177 8.783397139691761 1.4364055901337847 0.7242877502579703
6.164612974582586 38.00245312639196 234.27041560892246 2.482863865495365 1.8188253568002113
4.62077424464071 21.351554619934927 98.66071367083468 2.149598624078623 1.5305622764728468
0.2281440340612617 0.05204970027774614 0.01187482859304458 0.47764425471396776 1.477778121145179
8.399118709092079 70.54519508942059 592.5174679121031 2.898123308124083 2.128126784760967
8.8161002669821 77.72362391748185 685.2192615697279 2.9691918541889644 2.176579625642401
8.77839085090886 77.06014593132038 676.4640800132044 2.962834934806335 2.172293116466266
4.632777668987023 21.462628930264835 99.43158802588576 2.152388828484998 1.5331566167198942
8.65390967047874 74.89015258480545 648.0926156772763 2.941752822804584 2.158011203855768
5.005644615158226 25.056478013262545 125.42382424191813 2.23732979579637 1.610566198711326
4.665751470501933 21.769236784490946 101.5698485389434 2.1600350623316125 1.5402489082505175
1.2405594810483767 1.5389878260190175 1.909205938785922 1.113804058642442 0.21556247225321426
0.38811485289122705 0.15063313903477882 0.05846295859702693 0.622988645876654 0.9464539705556959
7.465938326420908 55.740235093920624 416.15315751141367 2.7323869283871396 2.0103511198663777
4.2006516613247715 17.645474379790564 74.12249126833092 2.049549136108908 1.4352396707119282
8.464404982075129 71.64615170057826 606.4420434008852 2.9093650479228503 2.1358697215699523
5.702862392746699 32.5226394706046 185.4721375497704 2.388066664217458 1.7409682229593422
8.161485647974494 66.60984798209365 543.6353183196202 2.8568313999909924 2.0994262171070055
7.7180057169608896 59.56761224704098 459.74317186837175 2.778129895624193 2.043556003846027
3.3211343001441618 11.02993303959405 36.631888946089155 1.822397953286867 1.2003063812469756
7.096284243774415 50.35725006844102 357.34936022048606 2.6638851784141173 1.9595713011067153
0.8418364463993422 0.7086886024862725 0.5965998947207597 0.9175164556558875 0.17216952778895847
3.267260419923965 10.674990651601725 34.877974439036656 1.8075564776581574 1.1839518416930646
5.624346054487886 31.633268540633452 177.91644910706754 2.3715703773002152 1.727104684352186
4.963671816891341 24.638037905801387 122.29513437652689 2.22792993985254 1.6021457525241372
6.460832610663891 41.742358023017985 269.6903879611221 2.5418167932925244 1.8657581965889554
4.51719116482059 20.405016019533196 92.17335808145795 2.125368477422348 1.5078903769681373
9.41566492886808 88.65474605271636 834.7433831862674 3.068495548125837 2.24237478403042
1.8454315950280087 3.4056177719276204 6.2848346369041215 1.3584666337558713 0.6127131769803216
7.491124837825768 56.116951335890136 420.3790879753465 2.7369919323640266 2.0137189648683713
9.343168906646827 87.29480521813207 815.6101098258428 3.056659762984233 2.234645478064063
4.96055053178015 24.60706157834433 122.06457239800287 2.227229339735841 1.6015167288879375
7.612065093523452 57.94353498803821 441.0699600778005 2.7589971173459844 2.02973450083237
6.295478533767063 39.633049969121885 249.50901530832417 2.509079220305143 1.8398316826796905
5.632968254490742 31.73033135610048 178.73594923338618 2.3733875061798786 1.728636524265726
9.9382254245603 98.76832458937677 981.5818745753686 3.1524951109494683 2.2963884760140667
3.601469516442224 12.970582677862586 46.713158124815656 1.8977538081748706 1.281341961183242
4.683179288406589 21.932168247360448 102.7122760858871 2.164065453817557 1.5439772144155095
4.363449814955127 19.039694287631928 83.07875051616972 2.0888872193000574 1.4732629864562314
6.1035283435042045 37.25305823995918 227.3750968498037 2.470531996049475 1.8088670209285518
3.3051758476297763 10.92418738375521 36.10636029576963 1.818014259468219 1.1954896784327933
3.180156615808656 10.113396101071563 32.1621835191162 1.7832993623642261 1.1569304458336258
3.951227955141161 15.612202353489002 61.68737038042637 1.9877695930718835 1.3740264053207785
3.4094293728876024 11.62420864870875 39.63191840348172 1.8464640188445596 1.226544937963489
6.761212860132249 45.713999340017715 309.08208022580493 2.600233231872143 1.9112022911408624
6.371718464617625 40.598796192349184 258.684099340039 2.524226310103281 1.8518692078666774
5.747900949234882 33.03836532221526 189.90125139672992 2.3974780393644655 1.7488347358544682
1.9197020679025056 3.6852560295091563 7.074593620598905 1.3855331348988034 0.6521700010316747
2.2154381734217576 4.908166300254334 10.873738983085687 1.488434806574261 0.7954502048910175
5.983048144568267 35.79686510022178 214.17436731924246 2.446027012231931 1.7889301612697635
6.765100947036402 45.76659082359282 309.6156069233153 2.6009807663718703 1.9117771834680204
5.02951560220893 25.296027192863054 127.22676344040609 2.242658155450565 1.6153236777266091
8.299876408206654 68.88794839150538 571.761457664413 2.880950608428866 2.116240624114175
9.688290011756116 93.86296335189333 909.3716103159785 3.1126018074524273 2.270917940955109
0.3955110886484947 0.15642902124391744 0.0618694124884003 0.6288967233564623 0.9275764551295456
4.9492883909883325 24.495455577171878 121.23507392006718 2.2246996181481067 1.59924380684993
2.366318130855306 5.599461496414548 13.250107261991928 1.5382841515322538 0.8613352158813796
6.133117070278732 37.615124997744374 230.69796522433424 2.476513087039665 1.8137031150445304
1.523198287740536 2.3201330237757003 3.534022649145419 1.234179195960026 0.4208122609344107
1.6063814534619647 2.5804613740265743 4.145205292611267 1.2674310448548927 0.47398410504397087
6.960233296570912 48.44484754269439 337.18744091396303 2.638225406702565 1.9402129934068157
2.204595678945145 4.860242107623605 10.714868749094242 1.4847880922694474 0.7905441265275326
5.1267534896713665 26.283601343857534 134.74954491075263 2.2642335324942446 1.6344726108325696
7.795345186993301 60.76740658437962 473.70291044360874 2.792014539180142 2.053526784658623
5.782697663897396 33.43959227204441 193.37105211323262 2.4047240307148336 1.7548702976602646
6.317388452790411 39.90939686344962 252.12316290298645 2.513441555475363 1.8433059032648758
5.99549535771869 35.94596458442636 215.51386379464873 2.448570063877832 1.7910084135427788
9.008810978951159 81.15867525447094 731.1431646696095 3.001468137254027 2.198203096091788
2.933506191695395 8.60545857671522 25.24416601717234 1.7127481401815607 1.076198360066873
0.07213369053428731 0.0052032693100963305 0.00037533101818104333 0.2685771593681922 2.6292340687361055
9.97955743343471 99.59156656722197 993.8797584433279 3.1590437530105073 2.300538743992865
7.349834424423184 54.02006606643608 397.0385411847066 2.7110578054374246 1.9946777856816393
3.7680299736810974 14.198049882559172 53.49867752530234 1.9411414100165647 1.32655231148107
8.135400544108704 66.18474201308419 538.4393861849393 2.852262355413454 2.0962249765957957
8.442892986996814 71.28244198987998 601.8300295723649 2.905665670203097 2.1333250208465038
5.978735120575138 35.74527364199861 213.71152291798583 2.4451452146191928 1.7882090272909181
6.190689430431577 38.32463562405725 237.2559166829927 2.488109609810544 1.8230464585932256
6.907375095346562 47.711830707813924 329.56351118454523 2.6281885577991853 1.9325896951831154
7.964399448526472 63.43165857568877 505.19506657933516 2.822126759826084 2.0749815417154207
3.773914922544214 14.2424338426019 53.74973361194404 1.9426566661518483 1.328112903646212
0.937644290618701 0.8791768157298471 0.8243551217134208 0.9683203450401634 0.06438462298721795
1.1216301674466345 1.2580542325263653 1.4110715794854942 1.0590704261033044 0.114783133732691
8.32583452181794 69.31952048469537 577.1428566873426 2.8854522213715375 2.1193632737035415
9.316572426213575 86.7985217728831 808.6647145853415 3.0523060833103837 2.231794795627482
2.763066293109296 7.634535340116747 21.0947272618283 1.6622473621905063 1.0163410388164218
8.053920124810203 64.8656293768228 522.422597846473 2.8379429389630446 2.0861589449241866
2.2998924242678687 5.289505163204734 12.165292852980343 1.5165396217269989 0.8328623497838088
7.453828070409275 55.55955290322126 414.1313550094198 2.730169970974202 2.0087277353777577
9.4582668254654 89.45881134169932 846.1253075587625 3.0754295351162573 2.246889155439878
8.56560412970984 73.36957410690226 628.4547269651341 2.9267053370146163 2.1477546639891347
6.886356891773766 47.42191124088004 326.56420529471814 2.6241869010750296 1.9295421921782379
5.045923308790479 25.461342038195053 128.4759792636153 2.246313270403413 1.6185806516868961
5.57845835593443 31.11919762889466 173.5971480428823 2.361876024674968 1.7189124579222976
0.45498891547657405 0.20701491320654905 0.09418949084732486 0.6745286617161453 0.7874822219178821
1.9178000043098786 3.6779568565309706 7.053585675306643 1.3848465634538285 0.6511786979847473
3.4494277278591543 11.898551649723569 41.04319398192076 1.8572635052299806 1.2382083413014722
3.5822163546589367 12.83227401158596 45.96798183176807 1.8926743921390539 1.2759817023334483
8.669010442671263 75.15174205514342 651.4912366609753 2.944318332427943 2.15975464848507
2.9420497769945553 8.655656890313713 25.465373423888842 1.7152404429101347 1.079106541476819
8.85486929750419 78.40871027588233 694.2988812788117 2.9757132418134966 2.1809675108214233
6.142623141636698 37.7318190601707 231.7723449350532 2.4784315890572204 1.8152518726907512
2.807508990442643 7.882106731416268 22.129085512079648 1.6755622908273637 1.0322976099201309
9.014330922148112 81.25816197399563 732.4879621591086 3.002387536969222 2.1988156356145683
3.5068923243687475 12.298293774716436 43.128792041385026 1.8726698385910816 1.2547302676267402
7.355446432089865 54.10259221534353 397.9487188771614 2.712092629703098 1.9954410499802122
1.0686402439391052 1.1419919709662303 1.2203785784298518 1.0337505714335085 0.0663870402657732
1.428762122683801 2.0413612032159207 2.916619565871137 1.1953083797429853 0.35680842090894593
8.6499577448866 74.82176898832365 647.2051401466662 2.9410810503769866 2.1575544359476484
3.707536838457689 13.745829408520837 50.96316890724607 1.925496517383942 1.3103677311795585
7.915985356449365 62.66282416352078 496.037998472192 2.813536094747918 2.068884177871171
1.5644137960940363 2.447390525409353 3.828731502380224 1.2507652841736678 0.44751118263688777
9.818343885450114 96.39987665295564 946.4871394936921 3.133423668361831 2.284252461041013
7.278514731339543 52.97677669432674 385.5922495885426 2.697872260011497 1.984926820973205
3.667540966481677 13.450856740821354 49.331568131238534 1.9150824959989785 1.2995214011107674
6.80416387639788 46.29664605687782 315.00996669858637 2.6084792267522237 1.9175347595460206
0.5154144616209111 0.26565206724797363 0.1369209172190964 0.7179237157392916 0.6627839221336329
8.470309943629685 71.74615054115192 607.7121323458714 2.9103796906296755 2.136567101103033
9.973047315358786 99.46167275438508 991.9359684442142 3.1580131911312193 2.2998861857540884
1.3333542102801865 1.7778334500719 2.3704817158303175 1.1547095783270296 0.2876977300393402
4.540436389329164 20.615562605544458 93.60365064070761 2.1308299766356686 1.5130231284315427
6.492245780958026 42.149255280367285 273.6433247644873 2.547988575515602 1.8706085079865449
9.065339457815982 82.18037948543537 744.9930368076083 3.01087021603655 2.204458290589637
8.985752459006857 80.74374725454778 725.5433254419809 2.997624469310133 2.195640262862217
3.726854216312596 13.889442349646975 51.763926783012565 1.9305062072711903 1.3155645041733532
5.725731091194315 32.78399652866924 187.71234821780797 2.392849993458494 1.744970242805816
6.924041225035174 47.942346885986595 331.9547862635079 2.6313572971064145 1.9349995912296833
2.903673805074023 8.431321566273056 24.481807574142753 1.7040169614983365 1.065976764577065
3.0579173854323827 9.35085873612962 28.59415349793304 1.7486901913810755 1.1177340912597842
6.760529910049769 45.70476466467753 308.9884285473383 2.6001019037818054 1.9111012760432275
0.879963840116379 0.7743363599123642 0.6813879968102224 0.938063878483965 0.12787446313097608
9.199847183928739 84.63718820764154 778.6491975877178 3.033124986532658 2.2191868734745115
4.237419185425017 17.955721353008013 76.0859181493818 2.0584992556289685 1.4439544012385777
3.337889885342541 11.141508886672042 37.18912982027665 1.826989295355214 1.2053388364817819
8.535069908795286 72.84741834802277 621.7578082756309 2.9214841962254883 2.144183547050034
8.7032303750996 75.74621896205633 659.2367936695141 2.9501237897924897 2.1636942642256867
8.64452593075494 74.72782856749456 645.9866518007165 2.9401574669998443 2.156926280240645
1.7363476292348479 3.0149030895494766 5.234919831912052 1.3177054409976638 0.5517838434464497
7.305541054621617 53.37093010076193 389.90352097445697 2.7028764408721346 1.9886331088009706
1.164673513464738 1.356464392966297 1.57983815044587 1.0792004046815113 0.15244080178841396
7.425542623498953 55.13868325339971 409.4346427017275 2.7249848850037597 2.0049257626244255
7.4584117033245425 55.627905136288504 414.8958186999216 2.7310092829070616 2.0093424831459226
8.769938796419432 76.91182649294271 674.5120110639381 2.9614082454837987 2.1713298276162316
1.66986286431545 2.7884419856197993 4.656315721084539 1.292231737853335 0.5127415058804866
1.1004190731027397 1.2109221364482927 1.3325218149900195 1.049008614408261 0.09569108279951259
0.6577078962469685 0.43257967678561304 0.2845110691778591 0.8109919211971032 0.41899437289777797
5.109404767941497 26.1060170826633 133.38620815412202 2.260399249677255 1.6310829136620646
9.243870275537683 85.44913767096911 789.8807437869987 3.040373377652436 2.2239606589447436
3.5288018753732686 12.452442675637897 43.94220306676914 1.8785105470487167 1.2609584012563289
2.8661692973086836 8.214926440834953 23.545369944370442 1.692976460943472 1.052976398599492
7.236241724520829 52.363194295696175 378.9127313917077 2.690026342718753 1.9791019727960968
8.769033815725452 76.89595406133648 674.3032214563304 2.961255445875187 2.1712266310704824
7.655631026120729 58.60868640810233 448.6864780660485 2.7668811008282828 2.0354414589089167
7.1165172665967695 50.644818005769956 360.41472180171286 2.667680128238161 1.9624184578021076
5.93192459308372 35.18772937803146 208.73095727231936 2.435554268145902 1.7803487123074513
2.588958819227407 6.70270776765537 17.353034387775416 1.6090241823003801 0.9512557945893665
1.7176452474326376 2.950305196027927 5.067577698433184 1.3105896563885424 0.5409543106405749
2.467374197198847 6.087935429002655 15.021214791733843 1.5707877632572922 0.9031545071144677
3.9865126565586486 15.892283160902293 63.35478796255088 1.9966253170183554 1.3829168278101704
5.816934646317088 33.8367286795241 196.82603937395479 2.4118322176961415 1.7607734299191629
0.191073280397841 0.03650899848199197 0.0069758941039940025 0.43711929767266167 1.6550982575124693
3.4591205838236783 11.965515213432665 41.3901599708403 1.8598711202187312 1.241014390238899
1.0463889939697446 1.0949299267010142 1.1457226244680405 1.0229315685664142 0.04534518367020805
2.9080140896958415 8.456545945869534 24.591754760748852 1.705290030961256 1.067470404809412
9.93530885256245 98.71036199580578 980.7179333765732 3.152032495480091 2.296094962844429
8.834253961147159 78.04404305004427 689.460896458793 2.972247291385284 2.1786366609099894
0.02292923815363279 0.0005257499623060097 1.205504609497796e-05 0.15142403426679923 3.775342407538561
0.8247160702250533 0.6801565964874551 0.5609360753927812 0.9081387945821131 0.19271610918613763
6.622388402911675 43.85602815901904 290.43165227805554 2.573400163773927 1.8904560908196395
1.9753284210889765 3.901922371161869 7.70757815663893 1.4054637743780438 0.680734673687551
0.9969192530487836 0.9938479970993446 0.9907862029123082 0.9984584383181824 0.003085502221138808
3.1043833002900167 9.637195675119536 29.91754931546826 1.7619260200956273 1.1328150806153894
4.800404169159745 23.043880187286263 110.61993852466664 2.1909824666481805 1.5687001162773437
1.8071612199520748 3.265831674898671 5.90188435376801 1.344306966415065 0.5917572273048931
7.051985621191012 49.73050120148478 350.698779407493 2.655557497248179 1.9533092255646018
4.238588490022316 17.965632387749658 76.14892265468784 2.0587832547459475 1.4442303105226393
2.2308989397977474 4.976910079590714 11.102983420027646 1.493619409286632 0.8024046162611339
7.924986437340495 62.80541003203079 497.7320226954527 2.815135243170476 2.070020608385286
1.7174587428337396 2.949664533336049 5.0659271412046 1.3105185015228666 0.540845723186099
2.3034744818277373 5.3059946884315625 12.222223365515621 1.5177201592611653 0.8344186273327932
7.13278569011467 50.8766317011046 362.8921105588733 2.6707275581973295 1.964701857998712
5.673381992529841 32.18726323316187 182.6106396158384 2.381886225773566 1.7357854112669842
2.490096407119756 6.200580116750718 15.44004227077916 1.578003931275127 0.9123214274458822
6.13123327284112 37.592021445994035 230.4854526830356 2.476132725207015 1.8133959161469577
5.515071634684478 30.416015135701322 167.74650231504012 2.3484189648962723 1.7074846416844773
7.954113630457726 63.26792364623338 503.24025384526357 2.82030381882125 2.073689232634892
4.261990056906813 18.164559245172544 77.4171708910201 2.0644587806267323 1.4497362007095589
7.867412616514775 61.89618127849586 486.96279750452396 2.80489083860937 2.062729243001165
4.632459540600683 21.459681395302294 99.4111058179191 2.15231492598102 1.5330879453239508
5.809143147670362 33.74614411012552 196.0361818176322 2.410216410961962 1.7594330811013992
4.793707898927505 22.97963542023996 110.15765982847856 2.189453790087269 1.5673042036025564
3.440576092417129 11.837563847712321 40.72803916690034 1.8548789967049413 1.235638926089895
4.6235166732911175 21.37690642820096 98.83648329417122 2.1502364226501043 1.5311556002345514
3.351275787311735 11.23104940262189 37.638343929108665 1.8306490071315515 1.2093411053722158
2.59736122280232 6.7462853217171626 17.522539892588632 1.611633091867476 0.9544960153463746
2.7111595885376993 7.350386314519907 19.928070336066927 1.6465599255835481 0.9973764358210772
