52.93203081877584
43.54764374464884
14.631702945313796
20.873041787296398
37.389263181444555
36.90948823094108
86.85647554877156
57.77581878261404
70.61920612600072
14.46715968162453
16.57983782603142
12.134047939138604
30.75368469401143
71.83873917228381
37.15390449627822
50.26146689966051
53.48466986767968
10.593952350237679
86.63288474121235
38.92397642707247
66.93689359952181
53.54911288743942
46.432662501150176
61.11236320232967
78.09097189783655
46.25269033169399
8.046789706801361
84.94937165883714
93.11283176664637
56.612507578942065
45.84126691387452
64.30536082413062
96.09394777087718
60.73944929386131
66.0639817864172
32.49547114261949
13.393443972947228
87.26877285431306
11.535610276723506
64.92001879138617
17.03454253174963
68.17245082091165
59.92180001530352
16.554816006354667
32.035705286147085
93.29325608797127
55.75235902164072
98.59543142821227
33.704923738978124
34.69420061962819
71.38264876077504
22.86214564471638
6.794228817139514
81.01477360538306
91.44643659816828
1.563518795541341
43.078044786146386
0.6798470839248782
88.4994915229784
31.690982131845978
79.27292597204413
56.245705971273864
8.73437315029747
88.54796548563576
75.97808383425777
75.90609645737871
93.7889481016088
49.279841947952185
7.11219283240524
21.004539310639025
90.64996679047552
73.22204537750487
68.01640584519895
75.89166168513587
79.45609490688904
53.81245343931717
74.6663685089734
38.82739046290862
60.59494272699501
40.08333702165684
39.41415956987172
79.28616097366626
23.47490357631853
82.58787371018546
50.694736734005005
33.23934371024002
65.55329153369861
39.96250077702486
56.81921661232383
15.536393042924345
2.456644044373535
69.49898331039664
51.443454297403605
62.03614076269479
40.768456571705194
96.04506515021217
11.878233067249278
94.48463938210338
49.69090026407015
68.40460380822168
86.30865436049042
16.555765584665505
91.4395633187156
65.02592843221959
12.413327659114604
82.33743649399001
36.355114001773956
80.85124851363673
86.76417475370658
4.805863137893029
39.462441640783766
83.24278737744376
77.87957680335495
98.34463723698809
59.1313968107475
19.691570974437568
28.967966060834193
17.102477806279214
52.98041083711248
14.964259115761358
27.641648371620942
65.8281425637212
17.700843196416006
61.00970409030003
46.09501775371988
93.98040380978293
77.26959466547417
13.926004657729507
57.72165445131277
76.5656820901807
63.32287283293678
47.76425761198476
28.30430971397041
93.90491135555125
26.412553725728028
41.53788937508034
3.1414501413839835
20.726813542707635
80.69297856298397
42.703288466224585
94.68023666291542
73.28768631079791
36.22005628597654
72.51472202064552
48.57116177887786
57.79888386680736
5.4818220282476515
21.494797241977025
64.21514137218517
23.944067369273004
27.79979075003043
19.641327922749817
26.274759076120937
74.93713108033702
67.15955256278518
41.92251410993987
46.511335231913954
74.06516992034021
16.467368204477463
53.58755496672247
54.453781990015926
32.65601232406985
0.07096945464364346
46.78649893569765
33.146367528754084
44.86374374028651
13.95604983296156
17.560406139540707
93.24868984250139
83.50169428642673
97.68249769642155
85.55448135398436
39.46102777524004
87.79849037987503
62.34101528783626
70.7515434498672
20.792633809314008
42.10716164809726
17.138368083138378
93.13487983096533
10.832153686887846
90.37094942592636
92.42034736589065
95.97116318148066
30.82291216813392
99.25254301894911
86.84951447456037
83.68814243278193
29.857772737983858
72.43928349255734
42.99077673035462
53.57190956527712
14.291735767813197
6.707766691179429
87.40318324180939
24.73623492704172
18.58771507330619
21.443542603232846
13.228303729265612
80.92843596805561
34.97990827155314
38.469329976883095
10.136327634377606
2.431096326011095
58.03802675564958
78.14207446876392
27.986526114264898
43.56376097488587
39.147538625979294
16.12877667697148
15.995983134650327
3.0151118657673392
85.41271373498434
84.47006505126963
56.95754792228605
56.012336107733354
25.896419676514704
5.739305544165707
85.59938704829383
64.30296871863791
30.969236975129444
45.81340106856838
5.439449351816695
67.82821672678206
97.51262683866518
46.371493198716294
10.290708195584076
98.81015237420314
88.00198966392152
42.61246519073247
23.013888146198813
15.137810418906138
70.41018068401172
54.02765501048358
40.78559476973178
21.97547265676656
27.919007188843292
42.57452638379543
23.198938932147783
84.80559930754627
66.26486233301507
27.9984090372845
49.71520307194677
58.63155695347562
28.87955705739811
65.0931017670374
93.92840943091548
60.54798104816379
99.34565772177754
70.05560354638516
50.43773301948805
88.57876715968605
22.653084318249984
0.3560702928509629
95.76264501296183
40.683634184549476
11.687805237220294
75.29533896645981
74.19006271817683
51.38219078626409
75.42201205852034
49.9625340276052
88.00356445312869
33.32112650236081
2.7401647363437975
81.86952345551347
39.627823205696565
20.870128954509003
85.46186038808172
7.1000937391914265
10.820928667228614
63.85225864565939
48.43126572429411
97.56984276770682
36.40044483119155
55.2621870165363
19.08947245730619
62.160971377203566
12.799845521068132
63.38601367690008
94.60602711247046
29.936713298793915
93.26576089276357
8.848639613167231
54.9924277700289
65.6103380370751
16.311660340771173
47.89130072597393
58.14018130405552
33.19450982081508
41.92323967640805
6.099592352829919
40.18231352703663
69.35606593656397
50.25269939711776
70.1634091992969
19.43862625659034
78.21547762578005
53.162195391532684
26.857994676755414
